

TREE # 1

  0  0.0000   8021.906222  x:  0.01829   0.71160   0.14595   0.09409   0.17077   0.17200   0.02217   0.01760   0.02127   0.05143   0.03913   0.00652   0.04811   0.02132   0.32847   0.15655   0.05274   0.06216   0.03374   0.02089   0.01098   0.06767   0.04298   0.00000   0.03299   0.02453   0.45875   0.02151   0.04015   1.48734   0.20454   0.00678   0.05186   2.00000   1.16129   0.00146   0.23508   3.39896  
  1 99.0000   8021.892852  x:  0.01829   0.71160   0.14595   0.09409   0.17077   0.17200   0.02217   0.01760   0.02127   0.05143   0.03913   0.00652   0.04811   0.02132   0.32847   0.15655   0.05274   0.06216   0.03374   0.02089   0.01098   0.06767   0.04298   0.00000   0.03298   0.02453   0.45875   0.02151   0.04015   1.48734   0.20454   0.00678   0.05186   2.00000   1.16129   0.00146   0.23508   3.39896  
  2 1808.5223   7973.191069  x:  0.01928   0.71489   0.14626   0.09559   0.17402   0.17294   0.01678   0.01095   0.01464   0.04486   0.03253   0.00000   0.04367   0.01465   0.33007   0.15778   0.05074   0.05797   0.03096   0.01396   0.00405   0.06483   0.03779   0.00000   0.02615   0.01771   0.46183   0.01490   0.04295   1.48970   0.20519   0.00038   0.04546   1.99889   1.16180   0.00102   0.23519   3.39913  
  3 92910.2737   7970.458784  x:  0.01928   0.71511   0.14627   0.09569   0.17425   0.17301   0.01641   0.01057   0.01425   0.04448   0.03215   0.00000   0.04338   0.01426   0.33018   0.15788   0.05062   0.05770   0.03077   0.01356   0.00365   0.06465   0.03753   0.00000   0.02575   0.01731   0.46204   0.01452   0.04312   1.48985   0.20524   0.00000   0.04509   1.99884   1.16183   0.00099   0.23546   3.39914  
  4 52204.4062   7952.352621  x:  0.02176   0.71856   0.14758   0.09693   0.17676   0.17448   0.01813   0.00708   0.01074   0.04100   0.02866   0.00000   0.04260   0.01089   0.33221   0.15935   0.05148   0.05690   0.03383   0.00990   0.00000   0.06453   0.03923   0.00000   0.02246   0.01417   0.46557   0.01174   0.04390   1.49218   0.20589   0.00000   0.04172   1.99891   1.16284   0.00063   0.23741   3.39926  
  5 2078.1540   7917.168149  x:  0.01870   0.72737   0.14932   0.09846   0.18129   0.17773   0.02041   0.00000   0.00360   0.03386   0.02153   0.00000   0.04252   0.00427   0.33734   0.16199   0.05074   0.05560   0.02953   0.00234   0.00000   0.06397   0.04428   0.00000   0.01589   0.00801   0.47382   0.00662   0.04755   1.49873   0.20819   0.00000   0.03509   1.99915   1.16566  -0.00048   0.23678   3.39960  
  6 2897.6540   7906.908596  x:  0.01922   0.72982   0.14973   0.09854   0.18173   0.17810   0.01933   0.00000   0.00137   0.03164   0.01931   0.00000   0.04207   0.00224   0.33848   0.16230   0.04998   0.05522   0.02862   0.00000   0.00000   0.06353   0.04527   0.00000   0.01384   0.00608   0.47573   0.00504   0.04750   1.50079   0.20847   0.00000   0.03311   1.99926   1.16657  -0.00086   0.23676   3.39972  
  7 5829.2012   7901.220396  x:  0.01926   0.73119   0.14988   0.09864   0.18204   0.17828   0.01863   0.00000   0.00000   0.03027   0.01794   0.00000   0.04172   0.00100   0.33908   0.16247   0.04967   0.05495   0.02837   0.00000   0.00000   0.06328   0.04568   0.00000   0.01256   0.00487   0.47676   0.00403   0.04773   1.50202   0.20868   0.00000   0.03191   1.99932   1.16711  -0.00109   0.23674   3.39979  
  8 57896.3373   7897.305361  x:  0.01937   0.73209   0.14998   0.09875   0.18232   0.17841   0.01832   0.00000   0.00000   0.02918   0.01686   0.00000   0.04149   0.00000   0.33946   0.16261   0.04952   0.05470   0.02802   0.00000   0.00000   0.06311   0.04587   0.00000   0.01153   0.00390   0.47743   0.00322   0.04780   1.50288   0.20877   0.00000   0.03097   1.99937   1.16750  -0.00126   0.23681   3.39985  
  9 46303.4056   7884.172343  x:  0.01942   0.73519   0.15057   0.09872   0.18321   0.17914   0.01697   0.00000   0.00000   0.02496   0.01265   0.00000   0.04114   0.00000   0.34100   0.16310   0.04759   0.05443   0.02760   0.00000   0.00000   0.06230   0.04671   0.00000   0.00743   0.00000   0.48002   0.00004   0.04827   1.50574   0.20921   0.00000   0.02731   1.99950   1.16884  -0.00184   0.23696   3.40004  
 10 11925.7576   7884.031745  x:  0.01942   0.73523   0.15057   0.09872   0.18322   0.17915   0.01695   0.00000   0.00000   0.02491   0.01259   0.00000   0.04112   0.00000   0.34102   0.16311   0.04760   0.05442   0.02759   0.00000   0.00000   0.06229   0.04672   0.00000   0.00738   0.00000   0.48005   0.00000   0.04827   1.50577   0.20922   0.00000   0.02727   1.99950   1.16886  -0.00185   0.23695   3.40004  
 11 12539.3766   7866.425708  x:  0.01963   0.74031   0.15044   0.09954   0.18408   0.17903   0.01615   0.00000   0.00000   0.01740   0.00509   0.00000   0.03899   0.00000   0.34290   0.16344   0.04600   0.05241   0.02660   0.00000   0.00000   0.06073   0.04714   0.00000   0.00000   0.00000   0.48349   0.00000   0.04858   1.51035   0.20974   0.00000   0.02053   1.99979   1.17083  -0.00280   0.23709   3.40035  
 12 7303.0385   7857.578650  x:  0.01980   0.74288   0.15062   0.09938   0.18520   0.17952   0.01500   0.00000   0.00000   0.01232   0.00000   0.00000   0.03930   0.00000   0.34378   0.16382   0.04554   0.05209   0.02603   0.00000   0.00000   0.06040   0.04664   0.00000   0.00000   0.00000   0.48525   0.00000   0.04876   1.51292   0.20988   0.00000   0.01592   1.99992   1.17194  -0.00338   0.23726   3.40053  
 13 7655.4261   7842.523131  x:  0.01973   0.74708   0.15208   0.09923   0.18528   0.18083   0.01370   0.00000   0.00000   0.00000   0.00000   0.00000   0.03591   0.00000   0.34576   0.16444   0.04461   0.05209   0.02503   0.00000   0.00000   0.05959   0.04581   0.00000   0.00000   0.00000   0.48901   0.00000   0.04929   1.51754   0.21029   0.00000   0.00473   1.99978   1.17410  -0.00450   0.23722   3.40090  
 14 4204.0320   7838.740786  x:  0.01967   0.74856   0.15196   0.09980   0.18544   0.18072   0.01307   0.00000   0.00000   0.00000   0.00000   0.00000   0.03606   0.00000   0.34644   0.16450   0.04448   0.05066   0.02506   0.00000   0.00000   0.05896   0.04547   0.00000   0.00000   0.00000   0.49035   0.00000   0.04919   1.51903   0.21036   0.00000   0.00000   1.99953   1.17479  -0.00488   0.23705   3.40104  
 15 2197.0105   7809.419374  x:  0.01920   0.78823   0.12949   0.07310   0.21553   0.17038   0.01691   0.00000   0.00000   0.00000   0.00000   0.00000   0.02097   0.00000   0.35022   0.15908   0.04870   0.05332   0.02739   0.00000   0.00000   0.06203   0.00282   0.00000   0.00000   0.00000   0.51624   0.00000   0.03973   1.55666   0.20197   0.00000   0.00000   1.98680   1.19172  -0.01658   0.23758   3.40500  
 16 400.0297   7808.629933  x:  0.01918   0.78984   0.12857   0.07201   0.21677   0.16995   0.01706   0.00000   0.00000   0.00000   0.00000   0.00000   0.02035   0.00000   0.35035   0.15886   0.04887   0.05343   0.02748   0.00000   0.00000   0.06215   0.00111   0.00047   0.00000   0.00000   0.51728   0.00000   0.03935   1.55821   0.20162   0.00000   0.00000   1.98627   1.19241  -0.01707   0.23760   3.40516  
 17 25423.6186   7798.856171  x:  0.02517   0.81103   0.10606   0.05256   0.24817   0.15818   0.01342   0.00000   0.00000   0.00000   0.00000   0.00000   0.00619   0.00000   0.34048   0.15437   0.04879   0.05350   0.02598   0.00000   0.00000   0.06051   0.00630   0.00133   0.00000   0.00000   0.52110   0.00000   0.04369   1.58894   0.19263   0.00000   0.00000   1.97310   1.20548  -0.02831   0.23358   3.40899  
 18 594.7984   7779.583984  x:  0.03761   0.88710   0.08695   0.05595   0.24849   0.10614   0.01161   0.00000   0.00000   0.00000   0.00000   0.00000   0.01453   0.00000   0.29737   0.14370   0.05278   0.09896   0.00841   0.00000   0.00000   0.03566   0.00624   0.00133   0.00000   0.00000   0.52422   0.00000   0.08678   1.72012   0.17222   0.00000   0.00000   1.92356   1.26328  -0.07685   0.24760   3.42565  
 19 335.1450   7762.956353  x:  0.03262   0.92880   0.09639   0.09482   0.25824   0.11713   0.00118   0.00000   0.00000   0.00000   0.00000   0.00000   0.00752   0.00000   0.26524   0.15702   0.03878   0.12397   0.00478   0.00000   0.00000   0.05998   0.00490   0.00114   0.00000   0.00000   0.48708   0.00000   0.09076   1.83553   0.14256   0.00000   0.00000   1.86780   1.31307  -0.12549   0.24460   3.44296  
 20 379.9615   7739.241239  x:  0.03162   0.99046   0.13986   0.06353   0.23494   0.18795   0.00979   0.00000   0.00000   0.00000   0.00000   0.00000   0.01047   0.00000   0.24996   0.15413   0.03257   0.10729   0.00079   0.00000   0.00000   0.06531   0.00449   0.00114   0.00000   0.00000   0.39668   0.00000   0.11462   2.07736   0.10614   0.00000   0.00000   1.72422   1.40616  -0.22725   0.24908   3.48128  
 21 536.2608   7723.765941  x:  0.02044   1.00767   0.16400   0.05177   0.22637   0.21217   0.00731   0.00000   0.00000   0.00000   0.00000   0.00000   0.01184   0.00000   0.26259   0.17103   0.04372   0.12691   0.01413   0.00000   0.00000   0.02651   0.00501   0.00126   0.00000   0.00000   0.34732   0.00000   0.10839   2.27887   0.10010   0.00000   0.00000   1.57948   1.47732  -0.31791   0.23843   3.51740  
 22 457.7213   7697.017939  x:  0.02342   0.96991   0.14759   0.04745   0.19613   0.20124   0.00736   0.00000   0.00000   0.00000   0.00000   0.00000   0.01729   0.00000   0.32241   0.14897   0.01139   0.13935   0.02053   0.00000   0.00000   0.09265   0.00598   0.00141   0.00000   0.00000   0.36923   0.00000   0.10785   2.57822   0.16306   0.00000   0.00000   1.34812   1.59629  -0.46720   0.23602   3.57981  
 23 482.2435   7670.954079  x:  0.02482   0.84290   0.13169   0.08855   0.21271   0.22940   0.01131   0.00000   0.00000   0.00000   0.00000   0.00000   0.01205   0.00000   0.37190   0.13833   0.02350   0.20457   0.01217   0.00000   0.00000   0.04597   0.00643   0.00144   0.00000   0.00000   0.43912   0.00000   0.06246   2.83871   0.21673   0.00000   0.00000   1.12036   1.71607  -0.62978   0.21707   3.65247  
 24 376.7462   7664.153780  x:  0.01912   0.81411   0.17047   0.06733   0.21530   0.19527   0.01366   0.00000   0.00000   0.00000   0.00000   0.00000   0.01061   0.00000   0.35504   0.20086   0.02268   0.19794   0.01175   0.00000   0.00000   0.04817   0.00648   0.00141   0.00000   0.00000   0.47107   0.00000   0.05184   2.88893   0.22973   0.00000   0.00000   1.08112   1.74726  -0.68826   0.20670   3.68236  
 25 134.5823   7652.373992  x:  0.01455   0.88213   0.22077   0.07022   0.23043   0.18665   0.01480   0.00000   0.00000   0.00000   0.00000   0.00000   0.01094   0.00000   0.34071   0.15078   0.03597   0.19054   0.01395   0.00000   0.00000   0.06310   0.00700   0.00148   0.00000   0.00000   0.49626   0.00000   0.05209   2.90358   0.24012   0.00000   0.00000   1.11622   1.78768  -0.84688   0.17677   3.77298  
 26 51.8816   7646.128643  x:  0.02510   0.93541   0.16545   0.06809   0.20261   0.20616   0.01443   0.00000   0.00000   0.00000   0.00000   0.00000   0.01337   0.00000   0.37371   0.19547   0.04293   0.19737   0.01251   0.00000   0.00000   0.06973   0.00709   0.00149   0.00000   0.00000   0.49136   0.00000   0.06451   2.89184   0.23682   0.00000   0.00000   1.13233   1.80456  -0.95949   0.16477   3.83732  
 27 108.5215   7636.213999  x:  0.01247   0.99070   0.19494   0.06584   0.23158   0.16337   0.01226   0.00000   0.00000   0.00000   0.00000   0.00000   0.01244   0.00000   0.46682   0.20465   0.05714   0.20438   0.00961   0.00000   0.00000   0.08177   0.00693   0.00153   0.00000   0.00000   0.45474   0.00000   0.09813   2.77148   0.21098   0.00000   0.00000   1.01299   1.77805  -1.27642   0.17875   4.01813  
 28 50.0797   7626.862220  x:  0.00861   1.01407   0.18790   0.05086   0.22883   0.22611   0.00877   0.00000   0.00000   0.00000   0.00000   0.00000   0.01571   0.00000   0.39860   0.20589   0.06501   0.19188   0.01278   0.00000   0.00000   0.08547   0.00660   0.00146   0.00000   0.00000   0.51396   0.00000   0.14142   2.64663   0.19929   0.00000   0.00000   0.91578   1.73567  -1.60465   0.19352   4.21091  
 29 136.2611   7610.854569  x:  0.00000   0.98620   0.19563   0.06271   0.29050   0.24667   0.01480   0.00000   0.00000   0.00000   0.00000   0.00000   0.01229   0.00000   0.39887   0.21701   0.04443   0.18481   0.01635   0.00000   0.00000   0.07471   0.00433   0.00109   0.00000   0.00000   0.54236   0.00000   0.20109   2.59628   0.16866   0.00000   0.00000   1.07307   1.60629  -2.15955   0.19625   4.57025  
 30 59.9756   7607.182280  x:  0.00270   0.99722   0.18990   0.07527   0.29083   0.24074   0.02082   0.00000   0.00000   0.00000   0.00000   0.00000   0.01312   0.00000   0.39171   0.21465   0.03634   0.17703   0.01964   0.00000   0.00000   0.08444   0.00474   0.00117   0.00000   0.00000   0.56992   0.00000   0.21676   2.58655   0.09628   0.00000   0.00000   1.03876   1.47813  -2.26168   0.19261   4.69795  
 31 22.1059   7599.377243  x:  0.01178   1.04505   0.18093   0.08664   0.29900   0.23908   0.02569   0.00000   0.00000   0.00000   0.00000   0.00000   0.00827   0.00000   0.35167   0.22019   0.03013   0.15997   0.02073   0.00000   0.00000   0.07605   0.00302   0.00096   0.00000   0.00000   0.55768   0.00000   0.19083   2.58247   0.17163   0.00000   0.00000   0.99357   1.17153  -2.48840   0.18528   5.01114  
 32 86.7389   7592.689695  x:  0.03010   0.99012   0.19076   0.05448   0.31394   0.25142   0.01147   0.00000   0.00000   0.00000   0.00000   0.00000   0.01260   0.00000   0.39523   0.20982   0.03458   0.15117   0.01663   0.00000   0.00000   0.05558   0.00277   0.00094   0.00000   0.00000   0.57855   0.00000   0.19651   2.63740   0.16934   0.00000   0.00000   1.06679   0.99037  -2.66889   0.18288   5.28106  
 33 46.9750   7576.216583  x:  0.03665   1.04012   0.18215   0.07114   0.27770   0.24241   0.01875   0.00000   0.00000   0.00000   0.00000   0.00000   0.01472   0.00000   0.38157   0.22280   0.05837   0.14067   0.01997   0.00000   0.00000   0.08819   0.00539   0.00145   0.00000   0.00000   0.63529   0.00000   0.13932   3.02108   0.21211   0.00000   0.00000   1.24893   0.80675  -3.09098   0.22384   6.03501  
 34 36.2222   7544.969583  x:  0.05828   1.29327   0.20799   0.08059   0.29500   0.24310   0.01661   0.00000   0.00000   0.00000   0.00000   0.00000   0.01540   0.00000   0.42244   0.22153   0.02947   0.15677   0.01734   0.00000   0.00000   0.04024   0.00808   0.00187   0.00000   0.00000   0.68906   0.00000   0.05089   2.90560   0.28521   0.00000   0.00000   1.30878   1.45968  -3.34652   0.24819   7.18597  
 35 32.1206   7526.282096  x:  0.08932   1.20340   0.18936   0.07899   0.30102   0.23550   0.01778   0.00000   0.00000   0.00000   0.00000   0.00000   0.00704   0.00000   0.40565   0.21654   0.03515   0.04777   0.02165   0.00000   0.00000   0.03949   0.00269   0.00091   0.00000   0.00000   0.66155   0.00000   0.10749   2.96132   0.25945   0.00000   0.00000   1.36587   1.92707  -3.29099   0.25550   7.78629  
 36 49.1887   7520.001803  x:  0.09395   1.19892   0.16926   0.07905   0.36043   0.23539   0.01851   0.00000   0.00000   0.00000   0.00000   0.00000   0.01576   0.00000   0.38944   0.22901   0.03590   0.02298   0.02252   0.00000   0.00000   0.04915   0.00449   0.00127   0.00000   0.00000   0.63732   0.00000   0.08680   3.02612   0.28365   0.00000   0.00000   1.33990   2.03308  -3.18245   0.25204   8.01441  
 37 44.2185   7434.730402  x:  0.05779   1.52083   0.24055   0.08523   0.44235   0.30037   0.01486   0.00000   0.00000   0.00000   0.00000   0.00000   0.01819   0.00000   0.54308   0.26463   0.04449   0.02787   0.02381   0.00000   0.00000   0.04829   0.00319   0.00135   0.00000   0.00000   0.80790   0.00000   0.26091   3.86736   0.17600   0.00000   0.00000   1.20816   1.61712  -0.27296   0.20350  10.32436  
 38 28.6609   7427.114589  x:  0.05297   1.55715   0.24604   0.08604   0.42393   0.29393   0.01356   0.00000   0.00000   0.00000   0.00000   0.00000   0.01568   0.00000   0.55519   0.25889   0.04319   0.00911   0.02347   0.00000   0.00000   0.03817   0.00268   0.00126   0.00000   0.00000   0.83976   0.00000   0.26019   3.93073   0.16686   0.00000   0.00000   1.19576   1.50459  -0.51889   0.20064  10.39718  
 39  3.7190   7397.054146  x:  0.04069   1.83399   0.23266   0.10219   0.46617   0.27228   0.00983   0.00000   0.00000   0.00000   0.00000   0.00000   0.01573   0.00000   0.63976   0.26773   0.04053   0.03162   0.01996   0.00000   0.00000   0.01272   0.00292   0.00133   0.00000   0.00000   1.02685   0.00000   0.21420   4.58628   0.18476   0.00000   0.00000   1.08105   1.23725  -2.40487   0.19424  10.57827  
 40  5.5656   7372.458416  x:  0.00817   2.17392   0.19569   0.12207   0.50577   0.21909   0.00734   0.00000   0.00000   0.00000   0.00000   0.00000   0.01537   0.00000   0.73355   0.27752   0.04851   0.03312   0.02031   0.00000   0.00000   0.07846   0.00154   0.00122   0.00000   0.00000   1.25896   0.00000   0.18967   5.77166   0.16193   0.00000   0.00000   0.97206   1.07091  -2.63161   0.14808  12.30157  
 41  1.8931   7361.203526  x:  0.00968   2.26794   0.19447   0.12552   0.51524   0.22025   0.00057   0.00000   0.00000   0.00000   0.00000   0.00000   0.01606   0.00000   0.75228   0.27785   0.04699   0.02973   0.01947   0.00000   0.00000   0.07213   0.00281   0.00147   0.00000   0.00000   1.33137   0.00000   0.20320   6.12491   0.16442   0.00000   0.00000   0.99462   1.15534  -2.18747   0.13332  13.35230  
 42  2.9726   7360.435249  x:  0.00981   2.27574   0.19437   0.12581   0.51603   0.22035   0.00000   0.00000   0.00000   0.00000   0.00000   0.00135   0.01611   0.00000   0.75383   0.27788   0.04687   0.02945   0.01940   0.00000   0.00000   0.07160   0.00291   0.00150   0.00000   0.00000   1.33738   0.00000   0.20432   6.15420   0.16463   0.00000   0.00000   0.99649   1.16234  -2.15065   0.13210  13.43942  
 43 45489.9055   7360.435249  x:  0.00981   2.27574   0.19437   0.12581   0.51603   0.22035   0.00000   0.00000   0.00000   0.00000   0.00000   0.00135   0.01611   0.00000   0.75383   0.27788   0.04687   0.02945   0.01940   0.00000   0.00000   0.07160   0.00291   0.00150   0.00000   0.00000   1.33738   0.00000   0.20432   6.15420   0.16463   0.00000   0.00000   0.99649   1.16234  -2.15065   0.13210  13.43942  
 44  9.2200   7359.847433  x:  0.00996   2.27575   0.19439   0.12589   0.51603   0.22031   0.00168   0.00000   0.00000   0.00000   0.00000   0.00200   0.01601   0.00000   0.75379   0.27788   0.04675   0.02930   0.01934   0.00000   0.00000   0.07134   0.00295   0.00181   0.00000   0.00000   1.33744   0.00000   0.20439   6.15421   0.16469   0.00000   0.00000   0.99651   1.16234  -2.15064   0.13220  13.43942  
 45 1059.2233   7358.722858  x:  0.01133   2.27588   0.19453   0.12662   0.51610   0.21999   0.00265   0.00000   0.00000   0.00000   0.00000   0.00000   0.01515   0.00000   0.75335   0.27790   0.04571   0.02802   0.01883   0.00000   0.00000   0.06900   0.00311   0.00340   0.00000   0.00000   1.33798   0.00000   0.20503   6.15431   0.16525   0.00000   0.00000   0.99668   1.16236  -2.15055   0.13307  13.43942  
 46 319.6890   7356.439908  x:  0.01913   2.27664   0.19527   0.13086   0.51642   0.21805   0.00797   0.00000   0.00000   0.00000   0.00000   0.00000   0.01094   0.00000   0.75078   0.27800   0.03988   0.02099   0.01636   0.00000   0.00000   0.05540   0.00175   0.00203   0.00000   0.00000   1.34119   0.00000   0.20876   6.15489   0.16853   0.00000   0.00000   0.99773   1.16249  -2.15002   0.13761  13.43940  
 47 1067.3419   7355.814968  x:  0.02228   2.27697   0.19544   0.13279   0.51654   0.21707   0.00845   0.00000   0.00000   0.00000   0.00000   0.00000   0.01157   0.00000   0.74948   0.27800   0.03794   0.01942   0.01653   0.00000   0.00000   0.04953   0.00514   0.00091   0.00000   0.00000   1.34278   0.00000   0.21045   6.15516   0.17000   0.00000   0.00000   0.99832   1.16254  -2.14975   0.13825  13.43939  
 48 477.8000   7353.665709  x:  0.03114   2.27807   0.19538   0.13897   0.51684   0.21363   0.00587   0.00000   0.00000   0.00000   0.00000   0.00000   0.01794   0.00000   0.74493   0.27779   0.03435   0.01947   0.02016   0.00000   0.00000   0.03227   0.00301   0.00099   0.00000   0.00000   1.34831   0.00000   0.21591   6.15610   0.17465   0.00000   0.00000   1.00049   1.16271  -2.14879   0.13646  13.43935  
 49 420.4160   7352.891397  x:  0.03498   2.27881   0.19457   0.14236   0.51701   0.21140   0.00324   0.00000   0.00000   0.00000   0.00000   0.00000   0.01403   0.00000   0.74189   0.27748   0.03704   0.02086   0.01957   0.00000   0.00000   0.02863   0.00285   0.00038   0.00000   0.00000   1.35205   0.00000   0.21897   6.15673   0.17717   0.00000   0.00000   1.00196   1.16279  -2.14812   0.13492  13.43933  
 50 174.4175   7351.759425  x:  0.04469   2.28152   0.19025   0.15324   0.51743   0.20316   0.00570   0.00000   0.00000   0.00000   0.00000   0.00000   0.01363   0.00000   0.73094   0.27601   0.04759   0.02311   0.01956   0.00000   0.00000   0.02521   0.00334   0.00076   0.00000   0.00000   1.36572   0.00000   0.22902   6.15909   0.18526   0.00000   0.00000   1.00741   1.16304  -2.14567   0.12938  13.43926  
 51 169.7163   7350.472315  x:  0.05407   2.28574   0.18220   0.16623   0.51840   0.19250   0.00468   0.00000   0.00000   0.00000   0.00000   0.00000   0.01830   0.00000   0.71576   0.27363   0.05517   0.02033   0.01840   0.00000   0.00000   0.03096   0.00285   0.00050   0.00000   0.00000   1.38545   0.00000   0.24128   6.16264   0.19478   0.00000   0.00000   1.01462   1.16329  -2.14211   0.13577  13.43915  
 52 250.5347   7348.723108  x:  0.05788   2.29373   0.16260   0.18254   0.52018   0.17609   0.00508   0.00000   0.00000   0.00000   0.00000   0.00000   0.01423   0.00000   0.68865   0.26791   0.04346   0.02457   0.02754   0.00000   0.00000   0.04036   0.00316   0.00052   0.00000   0.00000   1.42288   0.00000   0.25720   6.16942   0.20551   0.00000   0.00000   1.02802   1.16341  -2.13517   0.13698  13.43895  
 53 196.1703   7347.476766  x:  0.05525   2.29987   0.14682   0.19078   0.52138   0.16651   0.00429   0.00000   0.00000   0.00000   0.00000   0.00000   0.01530   0.00000   0.66921   0.26317   0.03472   0.02274   0.02005   0.00000   0.00000   0.04439   0.00293   0.00050   0.00000   0.00000   1.45171   0.00000   0.26536   6.17470   0.20967   0.00000   0.00000   1.03812   1.16324  -2.12971   0.13024  13.43882  
 54 300.7113   7346.215646  x:  0.04357   2.30900   0.12714   0.19292   0.52269   0.16195   0.00482   0.00000   0.00000   0.00000   0.00000   0.00000   0.01541   0.00000   0.64700   0.25702   0.03801   0.02613   0.01657   0.00000   0.00000   0.03601   0.00319   0.00060   0.00000   0.00000   1.49179   0.00000   0.26750   6.18249   0.20636   0.00000   0.00000   1.05049   1.16211  -2.12184   0.13617  13.43867  
 55 150.7333   7345.554837  x:  0.03965   2.31460   0.12009   0.19197   0.52326   0.16242   0.00432   0.00000   0.00000   0.00000   0.00000   0.00000   0.01441   0.00000   0.63528   0.25412   0.04153   0.01929   0.02078   0.00000   0.00000   0.03355   0.00308   0.00064   0.00000   0.00000   1.51631   0.00000   0.26666   6.18737   0.20218   0.00000   0.00000   1.05771   1.16100  -2.11689   0.13523  13.43860  
 56 217.9122   7340.399120  x:  0.07331   2.37160   0.12847   0.16738   0.52637   0.20136   0.00490   0.00000   0.00000   0.00000   0.00000   0.00000   0.01580   0.00000   0.54223   0.24056   0.04333   0.02260   0.02059   0.00000   0.00000   0.03552   0.00320   0.00030   0.00000   0.00000   1.75992   0.00000   0.24510   6.23788   0.14756   0.00000   0.00000   1.12289   1.14463  -2.06600   0.13709  13.43825  
 57 157.2833   7335.893425  x:  0.03011   2.44097   0.17740   0.14902   0.50916   0.25383   0.00463   0.00000   0.00000   0.00000   0.00000   0.00000   0.01478   0.00000   0.57190   0.27503   0.04182   0.02164   0.01972   0.00000   0.00000   0.03413   0.00345   0.00043   0.00000   0.00000   2.04936   0.00000   0.30337   6.31060   0.17527   0.00000   0.00000   1.15454   1.09177  -1.99715   0.13671  13.44022  
 58 73.3120   7331.686241  x:  0.02322   2.51948   0.18915   0.19571   0.49702   0.20775   0.00419   0.00000   0.00000   0.00000   0.00000   0.00000   0.01437   0.00000   0.67988   0.30504   0.04096   0.02134   0.01942   0.00000   0.00000   0.03462   0.00360   0.00051   0.00000   0.00000   2.34384   0.00000   0.28555   6.40505   0.13442   0.00000   0.00000   1.12376   0.99453  -1.91607   0.13327  13.44605  
 59 82.0226   7329.541069  x:  0.04695   2.56232   0.17060   0.15732   0.50727   0.17991   0.00416   0.00000   0.00000   0.00000   0.00000   0.00000   0.01499   0.00000   0.73826   0.27016   0.04258   0.02221   0.01985   0.00000   0.00000   0.03504   0.00360   0.00040   0.00000   0.00000   2.48580   0.00000   0.29032   6.46650   0.13907   0.00000   0.00000   1.07834   0.92290  -1.87030   0.12968  13.45203  
 60 83.5628   7328.749877  x:  0.05393   2.58267   0.15304   0.16609   0.54711   0.20450   0.00446   0.00000   0.00000   0.00000   0.00000   0.00000   0.01554   0.00000   0.73881   0.27697   0.04297   0.02308   0.02019   0.00000   0.00000   0.03635   0.00356   0.00029   0.00000   0.00000   2.52855   0.00000   0.28324   6.51494   0.15086   0.00000   0.00000   1.03914   0.86823  -1.84761   0.12614  13.45998  
 61 28.3336   7328.188510  x:  0.04275   2.60241   0.17405   0.15935   0.56197   0.18733   0.00427   0.00000   0.00000   0.00000   0.00000   0.00000   0.01518   0.00000   0.71296   0.28781   0.04329   0.02239   0.01995   0.00000   0.00000   0.03472   0.00355   0.00039   0.00000   0.00000   2.54479   0.00000   0.26934   6.57838   0.16642   0.00000   0.00000   1.01531   0.81571  -1.82869   0.12537  13.47207  
 62 22.0412   7326.979734  x:  0.04269   2.65971   0.17246   0.17882   0.51264   0.20631   0.00371   0.00000   0.00000   0.00000   0.00000   0.00000   0.01487   0.00000   0.70423   0.26259   0.04213   0.02216   0.01964   0.00000   0.00000   0.03519   0.00347   0.00055   0.00000   0.00000   2.54258   0.00000   0.22619   6.82199   0.20955   0.00000   0.00000   1.05067   0.71308  -1.78747   0.12445  13.52136  
 63 16.9706   7325.792156  x:  0.06281   2.71838   0.14170   0.15320   0.51390   0.19822   0.00317   0.00000   0.00000   0.00000   0.00000   0.00000   0.01508   0.00000   0.71676   0.31114   0.04278   0.02256   0.01961   0.00000   0.00000   0.03549   0.00341   0.00063   0.00000   0.00000   2.53707   0.00000   0.20457   7.11371   0.23353   0.00000   0.00000   1.10796   0.66859  -1.74843   0.12192  13.58140  
 64 39.4266   7322.526219  x:  0.05439   2.88480   0.16688   0.16328   0.64070   0.17807   0.00156   0.00000   0.00000   0.00000   0.00000   0.00000   0.01441   0.00000   0.76645   0.27637   0.04327   0.02206   0.01895   0.00000   0.00000   0.03434   0.00343   0.00103   0.00000   0.00000   2.52921   0.00000   0.20698   8.01041   0.23680   0.00000   0.00000   1.20955   0.69088  -1.63670   0.11450  13.76883  
 65 59.8737   7322.517643  x:  0.05431   2.88683   0.16715   0.16340   0.64209   0.17786   0.00154   0.00000   0.00000   0.00000   0.00000   0.00037   0.01440   0.00000   0.76700   0.27599   0.04328   0.02206   0.01894   0.00000   0.00000   0.03433   0.00343   0.00104   0.00000   0.00000   2.52913   0.00000   0.20706   8.02138   0.23679   0.00000   0.00000   1.21061   0.69124  -1.63533   0.11441  13.77113  
 66 904.9598   7318.227192  x:  0.06281   3.06826   0.15504   0.16901   0.60931   0.19412   0.00000   0.00000   0.00000   0.00000   0.00000   0.00295   0.01406   0.00000   0.75000   0.28852   0.04326   0.02235   0.01871   0.00000   0.00000   0.03538   0.00346   0.00134   0.00000   0.00000   2.53382   0.00000   0.26247   9.02945   0.19320   0.00000   0.00000   1.12351   0.80994  -1.50355   0.10175  13.98891  
 67 125.0979   7317.465646  x:  0.06395   2.93434   0.15324   0.16926   0.59641   0.19847   0.00004   0.00000   0.00000   0.00000   0.00000   0.00284   0.01386   0.00000   0.73774   0.28828   0.04298   0.02227   0.01875   0.00000   0.00000   0.03475   0.00345   0.00143   0.00000   0.00000   2.56858   0.00000   0.36721   9.28392   0.09068   0.00000   0.00000   1.13000   0.73218  -1.54077   0.10473  14.14673  
 68  4.5350   7316.309657  x:  0.06741   2.70622   0.15254   0.16980   0.58812   0.19909   0.00067   0.00000   0.00000   0.00000   0.00000   0.00173   0.01377   0.00000   0.73465   0.28820   0.04305   0.02265   0.01921   0.00000   0.00000   0.03387   0.00358   0.00142   0.00000   0.00000   2.69205   0.00000   0.29669   9.65314   0.15786   0.00000   0.00000   1.10296   0.76511  -1.56778   0.10875  14.47555  
 69  7.6082   7314.614650  x:  0.06911   2.79840   0.14945   0.17119   0.58678   0.20089   0.00170   0.00000   0.00000   0.00000   0.00000   0.00000   0.01395   0.00000   0.73219   0.29134   0.04331   0.02316   0.01981   0.00000   0.00000   0.03328   0.00363   0.00136   0.00000   0.00000   2.72504   0.00000   0.30198   9.88287   0.15799   0.00000   0.00000   1.10626   0.76934  -1.49924   0.10895  14.82863  
 70  6.1098   7314.614650  x:  0.06911   2.79840   0.14945   0.17119   0.58678   0.20089   0.00170   0.00000   0.00000   0.00000   0.00000   0.00000   0.01395   0.00000   0.73219   0.29134   0.04331   0.02316   0.01981   0.00000   0.00000   0.03328   0.00363   0.00136   0.00000   0.00000   2.72504   0.00000   0.30198   9.88287   0.15799   0.00000   0.00000   1.10626   0.76934  -1.49924   0.10895  14.82863  
 71  6.2027   7314.464488  x:  0.06913   2.79843   0.14943   0.17121   0.58678   0.20088   0.00289   0.00000   0.00000   0.00000   0.00000   0.00006   0.01395   0.00000   0.73216   0.29134   0.04334   0.02308   0.01973   0.00000   0.00000   0.03331   0.00361   0.00194   0.00000   0.00000   2.72505   0.00000   0.30201   9.88288   0.15801   0.00000   0.00000   1.10626   0.76934  -1.49923   0.10927  14.82864  
 72 262.8845   7314.454776  x:  0.06914   2.79843   0.14943   0.17121   0.58678   0.20088   0.00291   0.00000   0.00000   0.00000   0.00000   0.00000   0.01395   0.00000   0.73216   0.29134   0.04335   0.02307   0.01972   0.00000   0.00000   0.03331   0.00360   0.00196   0.00000   0.00000   2.72505   0.00000   0.30201   9.88288   0.15801   0.00000   0.00000   1.10626   0.76934  -1.49923   0.10930  14.82864  
 73 186.3285   7314.439980  x:  0.06917   2.79848   0.14940   0.17124   0.58677   0.20086   0.00334   0.00000   0.00000   0.00000   0.00000   0.00000   0.01396   0.00000   0.73211   0.29133   0.04341   0.02295   0.01960   0.00000   0.00000   0.03336   0.00344   0.00198   0.00000   0.00000   2.72507   0.00000   0.30205   9.88289   0.15805   0.00000   0.00000   1.10628   0.76934  -1.49921   0.10977  14.82865  
 74 278.9793   7314.401717  x:  0.06928   2.79862   0.14933   0.17131   0.58673   0.20080   0.00302   0.00000   0.00000   0.00000   0.00000   0.00000   0.01399   0.00000   0.73197   0.29131   0.04356   0.02267   0.01933   0.00000   0.00000   0.03351   0.00327   0.00155   0.00000   0.00000   2.72514   0.00000   0.30216   9.88291   0.15815   0.00000   0.00000   1.10632   0.76935  -1.49917   0.11076  14.82868  
 75 57.0269   7314.392903  x:  0.06938   2.79875   0.14927   0.17139   0.58669   0.20073   0.00304   0.00000   0.00000   0.00000   0.00000   0.00000   0.01401   0.00000   0.73182   0.29128   0.04368   0.02253   0.01921   0.00000   0.00000   0.03364   0.00371   0.00149   0.00000   0.00000   2.72521   0.00000   0.30227   9.88293   0.15824   0.00000   0.00000   1.10639   0.76936  -1.49913   0.11114  14.82871  
 76 40.1787   7314.352434  x:  0.07117   2.80105   0.14810   0.17267   0.58584   0.19948   0.00304   0.00000   0.00000   0.00000   0.00000   0.00000   0.01427   0.00000   0.72912   0.29080   0.04544   0.02184   0.01903   0.00000   0.00000   0.03559   0.00361   0.00152   0.00000   0.00000   2.72645   0.00000   0.30424   9.88326   0.15985   0.00000   0.00000   1.10767   0.76947  -1.49824   0.11075  14.82926  
 77 17.0481   7314.272665  x:  0.07528   2.80689   0.14501   0.17572   0.58376   0.19659   0.00303   0.00000   0.00000   0.00000   0.00000   0.00000   0.01311   0.00000   0.72251   0.28962   0.04576   0.02343   0.02000   0.00000   0.00000   0.03576   0.00362   0.00154   0.00000   0.00000   2.72960   0.00000   0.30887   9.88411   0.16359   0.00000   0.00000   1.11084   0.76976  -1.49601   0.11136  14.83065  
 78 49.1638   7314.193011  x:  0.07936   2.81334   0.14146   0.17883   0.58155   0.19375   0.00302   0.00000   0.00000   0.00000   0.00000   0.00000   0.01478   0.00000   0.71543   0.28835   0.04463   0.02354   0.01953   0.00000   0.00000   0.03443   0.00361   0.00156   0.00000   0.00000   2.73307   0.00000   0.31353   9.88505   0.16727   0.00000   0.00000   1.11428   0.77005  -1.49353   0.11134  14.83218  
 79 132.4365   7314.163918  x:  0.08050   2.81598   0.13986   0.17979   0.58074   0.19298   0.00301   0.00000   0.00000   0.00000   0.00000   0.00000   0.01396   0.00000   0.71281   0.28787   0.04388   0.02239   0.01890   0.00000   0.00000   0.03381   0.00361   0.00156   0.00000   0.00000   2.73449   0.00000   0.31492   9.88544   0.16825   0.00000   0.00000   1.11563   0.77015  -1.49250   0.11098  14.83281  
 80 70.4047   7314.120748  x:  0.08022   2.82217   0.13538   0.18012   0.57934   0.19350   0.00301   0.00000   0.00000   0.00000   0.00000   0.00000   0.01411   0.00000   0.70828   0.28698   0.04289   0.02125   0.02057   0.00000   0.00000   0.03431   0.00360   0.00156   0.00000   0.00000   2.73779   0.00000   0.31512   9.88637   0.16746   0.00000   0.00000   1.11831   0.77030  -1.49011   0.11118  14.83432  
 81 22.8690   7314.030700  x:  0.07928   2.83586   0.12606   0.18032   0.57641   0.19538   0.00299   0.00000   0.00000   0.00000   0.00000   0.00000   0.01403   0.00000   0.69898   0.28521   0.04206   0.02246   0.01909   0.00000   0.00000   0.03559   0.00359   0.00156   0.00000   0.00000   2.74508   0.00000   0.31467   9.88843   0.16479   0.00000   0.00000   1.12409   0.77058  -1.48484   0.11113  14.83766  
 82 94.4831   7313.950385  x:  0.08213   2.85116   0.12308   0.17975   0.57355   0.19919   0.00301   0.00000   0.00000   0.00000   0.00000   0.00000   0.01401   0.00000   0.69142   0.28468   0.04604   0.02224   0.01929   0.00000   0.00000   0.03213   0.00361   0.00153   0.00000   0.00000   2.75318   0.00000   0.31293   9.89080   0.16055   0.00000   0.00000   1.12979   0.77080  -1.47911   0.11107  14.84151  
 83 31.4903   7313.788034  x:  0.09299   2.88676   0.12584   0.17725   0.56781   0.20889   0.00301   0.00000   0.00000   0.00000   0.00000   0.00000   0.01403   0.00000   0.67802   0.28524   0.04360   0.02235   0.01921   0.00000   0.00000   0.03413   0.00362   0.00152   0.00000   0.00000   2.77201   0.00000   0.30943   9.89648   0.15127   0.00000   0.00000   1.14174   0.77106  -1.46601   0.11117  14.85069  
 84 49.2340   7313.417959  x:  0.07685   2.99587   0.14102   0.16351   0.56309   0.22044   0.00303   0.00000   0.00000   0.00000   0.00000   0.00000   0.01413   0.00000   0.68346   0.28951   0.04440   0.02251   0.01931   0.00000   0.00000   0.03392   0.00366   0.00152   0.00000   0.00000   2.82984   0.00000   0.33019   9.91611   0.15653   0.00000   0.00000   1.15853   0.76784  -1.42710   0.11039  14.88187  
 85 16.7765   7313.036305  x:  0.06482   3.11839   0.14989   0.18596   0.56945   0.21166   0.00305   0.00000   0.00000   0.00000   0.00000   0.00000   0.01425   0.00000   0.70319   0.30500   0.04444   0.02267   0.01947   0.00000   0.00000   0.03457   0.00370   0.00154   0.00000   0.00000   2.89505   0.00000   0.33710   9.94049   0.14775   0.00000   0.00000   1.16428   0.76209  -1.38501   0.10909  14.91950  
 86 40.8232   7312.689202  x:  0.08141   3.23355   0.13920   0.18149   0.59035   0.19523   0.00307   0.00000   0.00000   0.00000   0.00000   0.00000   0.01432   0.00000   0.73468   0.28934   0.04464   0.02277   0.01952   0.00000   0.00000   0.03470   0.00372   0.00153   0.00000   0.00000   2.95681   0.00000   0.33968   9.96881   0.14084   0.00000   0.00000   1.14769   0.75348  -1.34964   0.10714  14.96034  
 87 29.0375   7312.598321  x:  0.08974   3.26403   0.12963   0.18246   0.60123   0.20608   0.00314   0.00000   0.00000   0.00000   0.00000   0.00000   0.01439   0.00000   0.74076   0.29805   0.04479   0.02290   0.01966   0.00000   0.00000   0.03479   0.00379   0.00145   0.00000   0.00000   2.97353   0.00000   0.34223   9.98202   0.14701   0.00000   0.00000   1.13515   0.75130  -1.34728   0.10602  14.97676  
 88 12.0946   7312.501713  x:  0.08857   3.29649   0.13108   0.17486   0.60438   0.19971   0.00315   0.00000   0.00000   0.00000   0.00000   0.00000   0.01437   0.00000   0.72950   0.30865   0.04499   0.02292   0.01966   0.00000   0.00000   0.03461   0.00380   0.00142   0.00000   0.00000   2.99226   0.00000   0.33194  10.01204   0.15595   0.00000   0.00000   1.11214   0.74977  -1.36308   0.10492  15.00927  
 89  6.2253   7312.311423  x:  0.08186   3.35820   0.13899   0.18641   0.60336   0.20847   0.00318   0.00000   0.00000   0.00000   0.00000   0.00000   0.01436   0.00000   0.72079   0.29212   0.04482   0.02298   0.01968   0.00000   0.00000   0.03493   0.00384   0.00136   0.00000   0.00000   3.03067   0.00000   0.30839  10.08717   0.18033   0.00000   0.00000   1.08419   0.75133  -1.41419   0.10289  15.08879  
 90 13.8345   7311.916898  x:  0.08961   3.47543   0.12878   0.18066   0.59733   0.19916   0.00306   0.00000   0.00000   0.00000   0.00000   0.00000   0.01425   0.00000   0.74501   0.29958   0.04440   0.02273   0.01945   0.00000   0.00000   0.03494   0.00375   0.00150   0.00000   0.00000   3.11449   0.00000   0.26101  10.26985   0.22659   0.00000   0.00000   1.10154   0.75898  -1.54634   0.09998  15.28123  
 91 18.9096   7311.739312  x:  0.08593   3.50941   0.13399   0.17942   0.63477   0.19612   0.00309   0.00000   0.00000   0.00000   0.00000   0.00000   0.01425   0.00000   0.73703   0.29707   0.04472   0.02277   0.01946   0.00000   0.00000   0.03469   0.00376   0.00146   0.00000   0.00000   3.15315   0.00000   0.26223  10.37113   0.22574   0.00000   0.00000   1.12018   0.73089  -1.59074   0.09910  15.38960  
 92 10.9950   7311.238005  x:  0.08982   3.55654   0.12847   0.18132   0.60922   0.19965   0.00302   0.00000   0.00000   0.00000   0.00000   0.00000   0.01423   0.00000   0.74503   0.29969   0.04458   0.02267   0.01938   0.00000   0.00000   0.03472   0.00364   0.00162   0.00000   0.00000   3.26710   0.00000   0.31444  10.69148   0.17660   0.00000   0.00000   1.11664   0.62735  -1.65213   0.09779  15.73538  
 93 13.9364   7309.732793  x:  0.08787   3.58984   0.13093   0.18178   0.62927   0.20104   0.00291   0.00000   0.00000   0.00000   0.00000   0.00000   0.01419   0.00000   0.74607   0.30153   0.04495   0.02264   0.01931   0.00000   0.00000   0.03476   0.00377   0.00162   0.00000   0.00000   3.67990   0.00000   0.46390  11.78361   0.03497   0.00000   0.00000   1.09440   0.71372  -1.64648   0.09356  16.92964  
 94 20.9375   7307.150360  x:  0.09389   3.57575   0.13151   0.18679   0.64011   0.21171   0.00279   0.00000   0.00000   0.00000   0.00000   0.00000   0.01450   0.00000   0.76957   0.31130   0.04639   0.02292   0.01953   0.00000   0.00000   0.03470   0.00379   0.00185   0.00000   0.00000   4.24886   0.00000   0.32525  13.57802   0.18402   0.00000   0.00000   1.14768   0.61864  -1.28443   0.09237  19.00611  
 95 28.4992   7304.065330  x:  0.10592   4.18179   0.11981   0.19167   0.65676   0.21569   0.00268   0.00000   0.00000   0.00000   0.00000   0.00000   0.01465   0.00000   0.80023   0.32173   0.04722   0.02289   0.01955   0.00000   0.00000   0.03420   0.00325   0.00243   0.00000   0.00000   3.66660   0.00000   0.37944  15.53537   0.14815   0.00000   0.00000   1.20430   0.70900  -0.88903   0.08361  22.43293  
 96  7.9215   7300.153752  x:  0.10924   4.45963   0.11452   0.19244   0.65597   0.21196   0.00302   0.00000   0.00000   0.00000   0.00000   0.00000   0.01483   0.00000   0.79487   0.31823   0.04697   0.02316   0.02019   0.00000   0.00000   0.03467   0.00358   0.00216   0.00000   0.00000   4.21640   0.00000   0.39101  16.72086   0.13572   0.00000   0.00000   1.21669   0.68987  -1.15331   0.08839  28.18152  
 97  4.3029   7295.024273  x:  0.12454   5.11699   0.10729   0.19783   0.70298   0.20963   0.00271   0.00000   0.00000   0.00000   0.00000   0.00000   0.01503   0.00000   0.85177   0.33319   0.04950   0.02300   0.01977   0.00000   0.00000   0.03415   0.00357   0.00270   0.00000   0.00000   6.31576   0.00000   0.37348  21.24374   0.16514   0.00000   0.00000   1.21619   0.47642  -1.07300   0.07020  42.00999  
 98  6.2570   7292.262441  x:  0.12880   5.25658   0.10369   0.20080   0.68999   0.21193   0.00292   0.00000   0.00000   0.00000   0.00000   0.00000   0.01511   0.00000   0.85718   0.33163   0.04922   0.02326   0.01999   0.00000   0.00000   0.03387   0.00378   0.00239   0.00000   0.00000   7.28453   0.00000   0.40531  23.15519   0.13144   0.00000   0.00000   1.24293   0.54460  -0.77863   0.07642  53.17623  
 99  7.7526   7289.001988  x:  0.13112   5.70316   0.09767   0.20436   0.69777   0.21488   0.00281   0.00000   0.00000   0.00000   0.00000   0.00000   0.01495   0.00000   0.85951   0.32984   0.04804   0.02333   0.02000   0.00000   0.00000   0.03475   0.00386   0.00209   0.00000   0.00000   8.74992   0.00000   0.44262  25.12383   0.10704   0.00000   0.00000   1.22051   0.68139  -0.94668   0.06878  69.38541  
100 12.9090   7285.158279  x:  0.13821   6.33958   0.09167   0.20628   0.72274   0.21609   0.00295   0.00000   0.00000   0.00000   0.00000   0.00000   0.01502   0.00000   0.88779   0.33918   0.04867   0.02309   0.02007   0.00000   0.00000   0.03335   0.00434   0.00135   0.00000   0.00000  11.82562   0.00000   0.47999  29.28687   0.07327   0.00000   0.00000   1.27703   0.43957  -0.92539   0.05952  100.39495  
101 12.4255   7282.497502  x:  0.13050   6.08729   0.09598   0.19990   0.68961   0.21563   0.00293   0.00000   0.00000   0.00000   0.00000   0.00000   0.01506   0.00000   0.85339   0.33105   0.04840   0.02318   0.02019   0.00000   0.00000   0.03397   0.00515   0.00000   0.00000   0.00000  13.74082   0.00000   0.51450  28.83290   0.02203   0.00000   0.00000   1.31349   0.41543  -0.95184   0.07246  125.59529  
102 13.3637   7282.497502  x:  0.13050   6.08729   0.09598   0.19990   0.68961   0.21563   0.00293   0.00000   0.00000   0.00000   0.00000   0.00000   0.01506   0.00000   0.85339   0.33105   0.04840   0.02318   0.02019   0.00000   0.00000   0.03397   0.00515   0.00000   0.00000   0.00000  13.74082   0.00000   0.51450  28.83290   0.02203   0.00000   0.00000   1.31349   0.41543  -0.95184   0.07246  125.59529  
103 18.3650   7281.051628  x:  0.13063   6.08722   0.09608   0.19996   0.68964   0.21566   0.00325   0.00000   0.00000   0.00000   0.00000   0.00000   0.01520   0.00000   0.85343   0.33110   0.04853   0.02337   0.02034   0.00000   0.00000   0.03416   0.00613   0.00121   0.00000   0.00000  13.74081   0.00000   0.51460  28.83288   0.02212   0.00000   0.00000   1.31355   0.41553  -0.95177   0.06446  125.59529  
104 340.2741   7280.948111  x:  0.13067   6.08721   0.09610   0.19999   0.68966   0.21568   0.00303   0.00000   0.00000   0.00000   0.00000   0.00000   0.01520   0.00000   0.85346   0.33112   0.04855   0.02338   0.02034   0.00000   0.00000   0.03418   0.00548   0.00020   0.00000   0.00000  13.74081   0.00000   0.51464  28.83287   0.02216   0.00000   0.00000   1.31355   0.41559  -0.95176   0.06366  125.59529  
105 150.4263   7280.940498  x:  0.13115   6.08711   0.09625   0.20033   0.68992   0.21586   0.00274   0.00000   0.00000   0.00000   0.00000   0.00000   0.01493   0.00000   0.85378   0.33134   0.04854   0.02328   0.02012   0.00000   0.00000   0.03416   0.00571   0.00011   0.00000   0.00000  13.74075   0.00000   0.51509  28.83278   0.02269   0.00000   0.00000   1.31346   0.41635  -0.95170   0.06364  125.59532  
106 10.5324   7280.930164  x:  0.13157   6.08703   0.09638   0.20063   0.69015   0.21603   0.00284   0.00000   0.00000   0.00000   0.00000   0.00000   0.01474   0.00000   0.85407   0.33154   0.04853   0.02321   0.01995   0.00000   0.00000   0.03414   0.00583   0.00000   0.00000   0.00000  13.74070   0.00000   0.51550  28.83269   0.02316   0.00000   0.00000   1.31339   0.41704  -0.95165   0.06363  125.59534  
107 120.3951   7280.848612  x:  0.13760   6.08576   0.09795   0.20508   0.69361   0.21846   0.00277   0.00000   0.00000   0.00000   0.00000   0.00000   0.01630   0.00000   0.85847   0.33441   0.04850   0.02339   0.02016   0.00000   0.00000   0.03405   0.00560   0.00000   0.00000   0.00000  13.73994   0.00000   0.52148  28.83139   0.03008   0.00000   0.00000   1.31222   0.42743  -0.95083   0.06367  125.59563  
108 85.1125   7280.835064  x:  0.13823   6.08550   0.09774   0.20572   0.69433   0.21888   0.00277   0.00000   0.00000   0.00000   0.00000   0.00000   0.01571   0.00000   0.85936   0.33487   0.04863   0.02381   0.02116   0.00000   0.00000   0.03424   0.00550   0.00000   0.00000   0.00000  13.73979   0.00000   0.52236  28.83111   0.03115   0.00000   0.00000   1.31193   0.42945  -0.95056   0.06369  125.59570  
109 36.4042   7280.833118  x:  0.13824   6.08547   0.09767   0.20577   0.69441   0.21892   0.00277   0.00000   0.00000   0.00000   0.00000   0.00000   0.01569   0.00000   0.85946   0.33491   0.04865   0.02383   0.02121   0.00000   0.00000   0.03427   0.00553   0.00017   0.00000   0.00000  13.73977   0.00000   0.52243  28.83108   0.03124   0.00000   0.00000   1.31190   0.42966  -0.95052   0.06369  125.59570  
110 34.7218   7280.809687  x:  0.13731   6.08487   0.09521   0.20619   0.69605   0.21956   0.00269   0.00000   0.00000   0.00000   0.00000   0.00000   0.01545   0.00000   0.86146   0.33545   0.04907   0.02344   0.02084   0.00000   0.00000   0.03492   0.00470   0.00061   0.00000   0.00000  13.73938   0.00000   0.52305  28.83042   0.03230   0.00000   0.00000   1.31105   0.43383  -0.94943   0.06363  125.59586  
111 21.9074   7280.754893  x:  0.13518   6.08287   0.08794   0.20789   0.70148   0.22170   0.00278   0.00000   0.00000   0.00000   0.00000   0.00000   0.01586   0.00000   0.86808   0.33740   0.04967   0.02337   0.02090   0.00000   0.00000   0.03597   0.00568   0.00000   0.00000   0.00000  13.73810   0.00000   0.52550  28.82820   0.03623   0.00000   0.00000   1.30831   0.44778  -0.94591   0.06353  125.59636  
112 98.0484   7280.734872  x:  0.13444   6.08216   0.08573   0.20810   0.70328   0.22203   0.00277   0.00000   0.00000   0.00000   0.00000   0.00000   0.01575   0.00000   0.87028   0.33789   0.04851   0.02387   0.02071   0.00000   0.00000   0.03440   0.00554   0.00008   0.00000   0.00000  13.73763   0.00000   0.52575  28.82739   0.03700   0.00000   0.00000   1.30726   0.45237  -0.94439   0.06342  125.59654  
113 37.3942   7280.725070  x:  0.13480   6.08158   0.08568   0.20771   0.70436   0.22139   0.00277   0.00000   0.00000   0.00000   0.00000   0.00000   0.01574   0.00000   0.87159   0.33800   0.04836   0.02283   0.02122   0.00000   0.00000   0.03390   0.00557   0.00006   0.00000   0.00000  13.73722   0.00000   0.52498  28.82669   0.03666   0.00000   0.00000   1.30635   0.45530  -0.94279   0.06338  125.59670  
114 10.8972   7280.647961  x:  0.13807   6.07787   0.08710   0.20447   0.71088   0.21626   0.00278   0.00000   0.00000   0.00000   0.00000   0.00000   0.01572   0.00000   0.87955   0.33828   0.04940   0.02332   0.02092   0.00000   0.00000   0.03353   0.00562   0.00000   0.00000   0.00000  13.73452   0.00000   0.51898  28.82212   0.03341   0.00000   0.00000   1.30045   0.47335  -0.93195   0.06334  125.59773  
115 38.7209   7280.640791  x:  0.13818   6.07717   0.08752   0.20402   0.71158   0.21547   0.00278   0.00000   0.00000   0.00000   0.00000   0.00000   0.01572   0.00000   0.88029   0.33797   0.04782   0.02331   0.02092   0.00000   0.00000   0.03475   0.00563   0.00000   0.00000   0.00000  13.73397   0.00000   0.51854  28.82122   0.03352   0.00000   0.00000   1.29955   0.47538  -0.92973   0.06334  125.59793  
116  9.5427   7280.608210  x:  0.13426   6.07124   0.09092   0.20311   0.71281   0.21093   0.00279   0.00000   0.00000   0.00000   0.00000   0.00000   0.01574   0.00000   0.88040   0.33276   0.04833   0.02337   0.02096   0.00000   0.00000   0.03457   0.00567   0.00000   0.00000   0.00000  13.72896   0.00000   0.52057  28.81336   0.04038   0.00000   0.00000   1.29415   0.48125  -0.91009   0.06345  125.59971  
117  5.1374   7280.572619  x:  0.13051   6.06175   0.09472   0.21159   0.71300   0.21543   0.00282   0.00000   0.00000   0.00000   0.00000   0.00000   0.01581   0.00000   0.87933   0.33632   0.04846   0.02348   0.02105   0.00000   0.00000   0.03485   0.00573   0.00000   0.00000   0.00000  13.72053   0.00000   0.51611  28.80051   0.04334   0.00000   0.00000   1.28989   0.48498  -0.88311   0.06370  125.60263  
118  6.1487   7280.554378  x:  0.13345   6.05388   0.09383   0.20575   0.71135   0.22272   0.00283   0.00000   0.00000   0.00000   0.00000   0.00000   0.01584   0.00000   0.87942   0.33884   0.04873   0.02354   0.02109   0.00000   0.00000   0.03477   0.00575   0.00000   0.00000   0.00000  13.71291   0.00000   0.51373  28.78936   0.04679   0.00000   0.00000   1.29189   0.48586  -0.86993   0.06388  125.60518  
119  3.7207   7280.523428  x:  0.14196   6.03399   0.08430   0.20546   0.70613   0.21677   0.00283   0.00000   0.00000   0.00000   0.00000   0.00000   0.01582   0.00000   0.87748   0.34328   0.04869   0.02353   0.02108   0.00000   0.00000   0.03485   0.00573   0.00000   0.00000   0.00000  13.69231   0.00000   0.50720  28.76004   0.05427   0.00000   0.00000   1.30417   0.48762  -0.85571   0.06419  125.61193  
120  3.3921   7280.469212  x:  0.14664   5.99255   0.08162   0.21068   0.70393   0.21995   0.00284   0.00000   0.00000   0.00000   0.00000   0.00000   0.01574   0.00000   0.87936   0.32843   0.04845   0.02348   0.02099   0.00000   0.00000   0.03497   0.00571   0.00000   0.00000   0.00000  13.64780   0.00000   0.49037  28.69756   0.06506   0.00000   0.00000   1.32406   0.49350  -0.84746   0.06465  125.62640  
121  6.0578   7280.209579  x:  0.11960   5.77851   0.10707   0.20200   0.70845   0.21449   0.00289   0.00000   0.00000   0.00000   0.00000   0.00000   0.01541   0.00000   0.87592   0.33901   0.04856   0.02340   0.02060   0.00000   0.00000   0.03440   0.00564   0.00000   0.00000   0.00000  13.41317   0.00000   0.42089  28.37025   0.13155   0.00000   0.00000   1.36850   0.51647  -0.84928   0.06645  125.70235  
122 13.1687   7279.449608  x:  0.13614   5.16723   0.09716   0.19988   0.70387   0.21152   0.00305   0.00000   0.00000   0.00000   0.00000   0.00000   0.01454   0.00000   0.85885   0.33100   0.04873   0.02334   0.01966   0.00000   0.00000   0.03383   0.00545   0.00000   0.00000   0.00000  12.73027   0.00000   0.23409  27.41675   0.30049   0.00000   0.00000   1.30654   0.52825  -0.87678   0.06973  125.92344  
123 34.4538   7279.447552  x:  0.13619   5.16558   0.09713   0.19987   0.70385   0.21151   0.00305   0.00000   0.00000   0.00000   0.00000   0.00000   0.01453   0.00000   0.85881   0.33098   0.04873   0.02334   0.01966   0.00000   0.00000   0.03382   0.00545   0.00019   0.00000   0.00000  12.72842   0.00000   0.23360  27.41416   0.30094   0.00000   0.00000   1.30637   0.52828  -0.87685   0.06974  125.92404  
124 463.8702   7279.279218  x:  0.12965   5.05967   0.10182   0.20041   0.65723   0.21171   0.00308   0.00000   0.00000   0.00000   0.00000   0.00000   0.01429   0.00000   0.86955   0.33082   0.04820   0.02322   0.01938   0.00000   0.00000   0.03392   0.00542   0.00019   0.00000   0.00000  12.56360   0.00000   0.25655  27.16901   0.27562   0.00000   0.00000   1.29772   0.54699  -0.87907   0.07046  125.97916  
125  8.2113   7278.199940  x:  0.13328   4.40556   0.10237   0.19319   0.66092   0.21470   0.00331   0.00000   0.00000   0.00000   0.00000   0.00000   0.01314   0.00000   0.79219   0.32133   0.04835   0.02300   0.01810   0.00000   0.00000   0.03284   0.00518   0.00038   0.00000   0.00000  11.42725   0.00000   0.51988  25.44930   0.00000   0.00000   0.00000   1.28992   0.62031  -0.85959   0.07611  126.36250  
126 29.8570   7278.102830  x:  0.13360   4.35909   0.10334   0.19368   0.66941   0.21057   0.00334   0.00000   0.00000   0.00000   0.00000   0.00000   0.01316   0.00000   0.81350   0.32293   0.04859   0.02313   0.01814   0.00000   0.00000   0.03299   0.00515   0.00043   0.00000   0.00000  11.32678   0.00000   0.54264  25.29233   0.00000   0.00000   0.00000   1.29104   0.60938  -0.85437   0.07663  126.39703  
127 28.1193   7276.732554  x:  0.13458   4.36248   0.10783   0.19579   0.69936   0.19444   0.00360   0.00000   0.00000   0.00000   0.00000   0.00000   0.01327   0.00000   0.89607   0.32914   0.04966   0.02368   0.01826   0.00000   0.00000   0.03357   0.00483   0.00088   0.00000   0.00000  10.06412   0.00000   0.48887  23.10125   0.00000   0.00000   0.00000   1.28367   0.59367  -0.81132   0.07806  126.85916  
128  8.3911   7276.349645  x:  0.13494   4.37170   0.10960   0.19661   0.71079   0.18819   0.00370   0.00000   0.00000   0.00000   0.00000   0.00000   0.01332   0.00000   0.92800   0.33151   0.05007   0.02390   0.01831   0.00000   0.00000   0.03380   0.00469   0.00106   0.00000   0.00000   9.53273   0.00000   0.46828  22.16941   0.06356   0.00000   0.00000   1.28023   0.58879  -0.79342   0.07862  127.05536  
129 191.2810   7274.744394  x:  0.13262   4.77341   0.10678   0.19506   0.67530   0.20266   0.00377   0.00000   0.00000   0.00000   0.00000   0.00000   0.01369   0.00000   0.85382   0.32382   0.04910   0.02348   0.01852   0.00000   0.00000   0.03341   0.00438   0.00126   0.00000   0.00000   8.51824   0.00000   0.50607  19.71379   0.01913   0.00000   0.00000   1.25558   0.66382  -0.77184   0.07743  127.55157  
130  8.1672   7271.992023  x:  0.10229   4.35806   0.09764   0.19703   0.61691   0.22526   0.00262   0.00000   0.00000   0.00000   0.00000   0.00000   0.01803   0.00000   0.76194   0.31289   0.04431   0.02210   0.02313   0.00000   0.00000   0.03543   0.00468   0.00073   0.00000   0.00000  10.40888   0.00000   0.49764  16.19299   0.04792   0.00000   0.00000   1.23669   0.64327  -0.91330   0.08301  128.20802  
131  1.6348   7270.815553  x:  0.10680   3.78840   0.10812   0.19150   0.62335   0.21204   0.00249   0.00000   0.00000   0.00000   0.00000   0.00000   0.01647   0.00000   0.77941   0.30993   0.04542   0.02240   0.02145   0.00000   0.00000   0.03444   0.00502   0.00049   0.00000   0.00000  10.95241   0.00000   0.42285  13.77155   0.10188   0.00000   0.00000   1.21427   0.62653  -0.99203   0.09005  128.75868  
132  2.4779   7270.346717  x:  0.11179   3.77629   0.11339   0.18811   0.63290   0.20425   0.00258   0.00000   0.00000   0.00000   0.00000   0.00000   0.01486   0.00000   0.78859   0.30963   0.04643   0.02269   0.01979   0.00000   0.00000   0.03361   0.00529   0.00028   0.00000   0.00000  11.71877   0.00000   0.40501  14.40866   0.10877   0.00000   0.00000   1.20557   0.60456  -1.04335   0.09174  128.72839  
133  2.1936   7270.200658  x:  0.10639   3.75687   0.11702   0.18510   0.61931   0.20394   0.00288   0.00000   0.00000   0.00000   0.00000   0.00000   0.01393   0.00000   0.76831   0.30632   0.04628   0.02269   0.01891   0.00000   0.00000   0.03346   0.00527   0.00023   0.00000   0.00000  11.91481   0.00000   0.39146  13.68424   0.10954   0.00000   0.00000   1.20727   0.61654  -1.07164   0.09402  129.02889  
134  0.8240   7270.152282  x:  0.10263   3.63857   0.11657   0.18561   0.61044   0.20749   0.00299   0.00000   0.00000   0.00000   0.00000   0.00000   0.01449   0.00000   0.75966   0.30455   0.04584   0.02259   0.01943   0.00000   0.00000   0.03386   0.00522   0.00024   0.00000   0.00000  11.91068   0.00000   0.37465  13.48362   0.12273   0.00000   0.00000   1.21166   0.62357  -1.07526   0.09586  129.28595  
135  0.2888   7270.111253  x:  0.10424   3.70811   0.11425   0.18743   0.61530   0.20868   0.00297   0.00000   0.00000   0.00000   0.00000   0.00000   0.01495   0.00000   0.76652   0.30566   0.04577   0.02257   0.01992   0.00000   0.00000   0.03410   0.00521   0.00024   0.00000   0.00000  11.86127   0.00000   0.35677  13.50545   0.14480   0.00000   0.00000   1.20908   0.62518  -1.06529   0.09622  129.63635  
136  0.2766   7270.022655  x:  0.10717   3.67378   0.11632   0.18420   0.61298   0.20414   0.00269   0.00000   0.00000   0.00000   0.00000   0.00000   0.01425   0.00000   0.75499   0.30469   0.04594   0.02257   0.01927   0.00000   0.00000   0.03347   0.00523   0.00028   0.00000   0.00000  11.58570   0.00000   0.31830  13.58146   0.17635   0.00000   0.00000   1.21497   0.63359  -1.04863   0.09664  130.75697  
137  0.3779   7269.753754  x:  0.09611   3.80303   0.12091   0.18920   0.61883   0.21668   0.00292   0.00000   0.00000   0.00000   0.00000   0.00000   0.01388   0.00000   0.77070   0.30881   0.04671   0.02288   0.01858   0.00000   0.00000   0.03372   0.00503   0.00045   0.00000   0.00000  11.59622   0.00000   0.27069  13.91353   0.22134   0.00000   0.00000   1.20447   0.62554  -1.03137   0.09230  134.77546  
138  0.6449   7269.145177  x:  0.12051   4.02703   0.09854   0.18925   0.62276   0.21269   0.00318   0.00000   0.00000   0.00000   0.00000   0.00000   0.01530   0.00000   0.75778   0.30950   0.04591   0.02248   0.02023   0.00000   0.00000   0.03413   0.00547   0.00000   0.00000   0.00000  12.67350   0.00000   0.24806  14.56921   0.25131   0.00000   0.00000   1.21986   0.62037  -1.05103   0.08680  143.04524  
139  2.8536   7267.420941  x:  0.11232   3.98620   0.11103   0.17957   0.63587   0.18666   0.00309   0.00000   0.00000   0.00000   0.00000   0.00000   0.01550   0.00000   0.73827   0.30815   0.04373   0.02165   0.02134   0.00000   0.00000   0.03320   0.00692   0.00000   0.00000   0.00000  17.30184   0.00000   0.15731  14.32617   0.34210   0.00000   0.00000   1.20289   0.62429  -1.20943   0.09002  179.10979  
140  7.5223   7264.280371  x:  0.11096   4.01165   0.11351   0.18942   0.62733   0.21960   0.00273   0.00000   0.00000   0.00000   0.00000   0.00000   0.01376   0.00000   0.78351   0.31353   0.04696   0.02319   0.01889   0.00000   0.00000   0.03365   0.00252   0.00000   0.00000   0.00000  21.47737   0.00000   0.30884  15.35474   0.20914   0.00000   0.00000   1.23269   0.55796  -1.17372   0.08712  228.82290  
141 19.7233   7264.166985  x:  0.11086   4.01362   0.11370   0.19019   0.62666   0.22215   0.00270   0.00000   0.00000   0.00000   0.00000   0.00000   0.01362   0.00000   0.78702   0.31395   0.04721   0.02331   0.01870   0.00000   0.00000   0.03368   0.00218   0.00132   0.00000   0.00000  21.80065   0.00000   0.32057  15.43437   0.19884   0.00000   0.00000   1.23499   0.55283  -1.17096   0.08689  232.67187  
142 587013.2832   7262.646336  x:  0.11183   3.98290   0.11141   0.19210   0.62353   0.22621   0.00267   0.00000   0.00000   0.00000   0.00000   0.00000   0.01364   0.00000   0.79266   0.31363   0.04798   0.02341   0.01846   0.00000   0.00000   0.03389   0.00453   0.00000   0.00000   0.00000  23.14090   0.00000   0.35100  15.37318   0.16589   0.00000   0.00000   1.24354   0.54030  -1.13605   0.08735  253.18577  
143 49.0247   7258.657034  x:  0.11077   3.58016   0.10210   0.19004   0.60465   0.21017   0.00296   0.00000   0.00000   0.00000   0.00000   0.00000   0.01556   0.00000   0.77180   0.29922   0.04711   0.02280   0.01949   0.00000   0.00000   0.03422   0.00586   0.00000   0.00000   0.00000  31.35639   0.00000   0.42957  13.63978   0.05023   0.00000   0.00000   1.26808   0.50585  -0.92377   0.09742  396.71098  
144 103.1286   7256.032641  x:  0.09344   3.77033   0.13518   0.18184   0.61087   0.21050   0.00295   0.00000   0.00000   0.00000   0.00000   0.00000   0.01418   0.00000   0.74212   0.31312   0.04415   0.02191   0.02022   0.00000   0.00000   0.03327   0.00749   0.00000   0.00000   0.00000  39.41335   0.00000   0.31482  14.53101   0.21096   0.00000   0.00000   1.28766   0.53130  -1.05843   0.09598  536.07897  
145 57.0677   7253.606987  x:  0.12843   3.74032   0.09330   0.19009   0.61702   0.20097   0.00290   0.00000   0.00000   0.00000   0.00000   0.00000   0.01403   0.00000   0.78638   0.29799   0.04716   0.02296   0.01842   0.00000   0.00000   0.03367   0.00660   0.00000   0.00000   0.00000  50.00000   0.00000   0.31166  14.30803   0.17320   0.00000   0.00000   1.26591   0.51844  -1.06721   0.09411  741.71404  
146 83.0244   7253.606987  x:  0.12843   3.74032   0.09330   0.19009   0.61702   0.20097   0.00290   0.00000   0.00000   0.00000   0.00000   0.00000   0.01403   0.00000   0.78638   0.29799   0.04716   0.02296   0.01842   0.00000   0.00000   0.03367   0.00660   0.00000   0.00000   0.00000  50.00000   0.00000   0.31166  14.30803   0.17320   0.00000   0.00000   1.26591   0.51844  -1.06721   0.09411  741.71404  
147 183.8566   7253.559866  x:  0.12838   3.74032   0.09339   0.19005   0.61702   0.20099   0.00284   0.00000   0.00000   0.00000   0.00000   0.00000   0.01424   0.00000   0.78632   0.29803   0.04701   0.02287   0.01874   0.00000   0.00000   0.03362   0.00538   0.00000   0.00000   0.00000  50.00000   0.00000   0.31175  14.30803   0.17326   0.00000   0.00000   1.26593   0.51843  -1.06721   0.09413  741.71404  
148 67.3606   7253.550319  x:  0.12823   3.74033   0.09364   0.18993   0.61701   0.20103   0.00307   0.00000   0.00000   0.00000   0.00000   0.00000   0.01462   0.00000   0.78615   0.29815   0.04660   0.02262   0.01944   0.00000   0.00000   0.03348   0.00545   0.00000   0.00000   0.00000  49.99998   0.00000   0.31203  14.30802   0.17344   0.00000   0.00000   1.26598   0.51840  -1.06722   0.09413  741.71404  
149 18.9712   7253.545991  x:  0.12812   3.74034   0.09381   0.18986   0.61700   0.20106   0.00284   0.00000   0.00000   0.00000   0.00000   0.00000   0.01474   0.00000   0.78604   0.29824   0.04637   0.02249   0.01973   0.00000   0.00000   0.03342   0.00551   0.00000   0.00000   0.00000  49.99998   0.00000   0.31222  14.30802   0.17356   0.00000   0.00000   1.26602   0.51838  -1.06722   0.09414  741.71404  
150 39.4960   7253.531724  x:  0.12729   3.74041   0.09507   0.18928   0.61695   0.20130   0.00289   0.00000   0.00000   0.00000   0.00000   0.00000   0.01402   0.00000   0.78517   0.29886   0.04511   0.02205   0.01979   0.00000   0.00000   0.03331   0.00548   0.00000   0.00000   0.00000  49.99992   0.00000   0.31364  14.30800   0.17444   0.00000   0.00000   1.26629   0.51820  -1.06723   0.09418  741.71405  
151 16.7260   7253.506151  x:  0.12526   3.74056   0.09792   0.18798   0.61682   0.20185   0.00289   0.00000   0.00000   0.00000   0.00000   0.00000   0.01474   0.00000   0.78314   0.30029   0.04368   0.02239   0.01894   0.00000   0.00000   0.03382   0.00548   0.00000   0.00000   0.00000  49.99977   0.00000   0.31686  14.30796   0.17639   0.00000   0.00000   1.26695   0.51779  -1.06725   0.09397  741.71406  
152 34.7315   7253.477092  x:  0.12229   3.74078   0.10146   0.18635   0.61662   0.20260   0.00289   0.00000   0.00000   0.00000   0.00000   0.00000   0.01449   0.00000   0.78042   0.30218   0.04419   0.02326   0.01951   0.00000   0.00000   0.03508   0.00550   0.00000   0.00000   0.00000  49.99958   0.00000   0.32089  14.30791   0.17867   0.00000   0.00000   1.26783   0.51724  -1.06731   0.09461  741.71408  
153 43.5600   7253.462180  x:  0.12036   3.74091   0.10330   0.18554   0.61651   0.20307   0.00289   0.00000   0.00000   0.00000   0.00000   0.00000   0.01442   0.00000   0.77884   0.30326   0.04525   0.02263   0.01962   0.00000   0.00000   0.03517   0.00549   0.00000   0.00000   0.00000  49.99946   0.00000   0.32295  14.30788   0.17966   0.00000   0.00000   1.26836   0.51689  -1.06731   0.09395  741.71409  
154 38.3675   7253.452380  x:  0.11872   3.74102   0.10447   0.18507   0.61643   0.20347   0.00289   0.00000   0.00000   0.00000   0.00000   0.00000   0.01461   0.00000   0.77766   0.30406   0.04604   0.02212   0.01938   0.00000   0.00000   0.03440   0.00550   0.00000   0.00000   0.00000  49.99936   0.00000   0.32424  14.30785   0.18007   0.00000   0.00000   1.26875   0.51661  -1.06731   0.09448  741.71410  
155 31.1525   7253.443527  x:  0.11681   3.74114   0.10546   0.18475   0.61635   0.20393   0.00289   0.00000   0.00000   0.00000   0.00000   0.00000   0.01453   0.00000   0.77644   0.30486   0.04653   0.02266   0.01945   0.00000   0.00000   0.03307   0.00550   0.00000   0.00000   0.00000  49.99924   0.00000   0.32520  14.30782   0.18004   0.00000   0.00000   1.26918   0.51628  -1.06730   0.09431  741.71411  
156 23.1195   7253.423068  x:  0.10937   3.74166   0.10750   0.18494   0.61613   0.20592   0.00289   0.00000   0.00000   0.00000   0.00000   0.00000   0.01452   0.00000   0.77230   0.30735   0.04596   0.02257   0.01944   0.00000   0.00000   0.03369   0.00549   0.00000   0.00000   0.00000  49.99875   0.00000   0.32568  14.30769   0.17627   0.00000   0.00000   1.27074   0.51496  -1.06720   0.09436  741.71415  
157  8.5349   7253.412356  x:  0.10836   3.74213   0.11253   0.18642   0.61544   0.20699   0.00289   0.00000   0.00000   0.00000   0.00000   0.00000   0.01453   0.00000   0.76901   0.30805   0.04605   0.02258   0.01945   0.00000   0.00000   0.03363   0.00550   0.00000   0.00000   0.00000  49.99818   0.00000   0.32595  14.30754   0.17181   0.00000   0.00000   1.27224   0.51389  -1.06736   0.09445  741.71421  
158  4.9524   7253.404558  x:  0.10746   3.74283   0.11364   0.18566   0.61361   0.20752   0.00289   0.00000   0.00000   0.00000   0.00000   0.00000   0.01452   0.00000   0.76572   0.30279   0.04598   0.02256   0.01943   0.00000   0.00000   0.03363   0.00549   0.00000   0.00000   0.00000  49.99689   0.00000   0.33048  14.30721   0.16618   0.00000   0.00000   1.27451   0.51225  -1.06789   0.09451  741.71433  
159  2.1858   7253.393302  x:  0.10920   3.74395   0.11034   0.18941   0.61037   0.20784   0.00289   0.00000   0.00000   0.00000   0.00000   0.00000   0.01451   0.00000   0.76196   0.30284   0.04586   0.02254   0.01943   0.00000   0.00000   0.03371   0.00549   0.00000   0.00000   0.00000  49.99347   0.00000   0.34414  14.30637   0.15484   0.00000   0.00000   1.27907   0.51008  -1.07040   0.09456  741.71464  
160  2.4802   7253.384883  x:  0.11135   3.74476   0.10893   0.18533   0.60924   0.20875   0.00289   0.00000   0.00000   0.00000   0.00000   0.00000   0.01450   0.00000   0.76243   0.30536   0.04592   0.02253   0.01942   0.00000   0.00000   0.03359   0.00548   0.00000   0.00000   0.00000  49.99000   0.00000   0.35461  14.30554   0.14273   0.00000   0.00000   1.28111   0.50872  -1.07263   0.09458  741.71496  
161  3.5108   7253.378767  x:  0.10921   3.74512   0.11096   0.18624   0.61268   0.20624   0.00289   0.00000   0.00000   0.00000   0.00000   0.00000   0.01451   0.00000   0.76757   0.30495   0.04594   0.02255   0.01942   0.00000   0.00000   0.03363   0.00549   0.00000   0.00000   0.00000  49.98548   0.00000   0.36513  14.30457   0.13279   0.00000   0.00000   1.27799   0.50858  -1.07418   0.09452  741.71538  
162  1.6305   7253.378190  x:  0.10935   3.74507   0.11095   0.18651   0.61314   0.20767   0.00289   0.00000   0.00000   0.00000   0.00000   0.00000   0.01451   0.00000   0.76752   0.30476   0.04597   0.02256   0.01943   0.00000   0.00000   0.03363   0.00549   0.00000   0.00000   0.00000  49.98408   0.00000   0.36622  14.30431   0.13199   0.00000   0.00000   1.27648   0.50886  -1.07390   0.09450  741.71550  
163  0.5618   7253.377405  x:  0.10966   3.74495   0.11065   0.18638   0.61293   0.20727   0.00289   0.00000   0.00000   0.00000   0.00000   0.00000   0.01451   0.00000   0.76601   0.30496   0.04597   0.02256   0.01943   0.00000   0.00000   0.03363   0.00549   0.00000   0.00000   0.00000  49.98058   0.00000   0.36728  14.30369   0.13084   0.00000   0.00000   1.27336   0.50941  -1.07266   0.09448  741.71583  
164  0.6311   7253.374961  x:  0.10886   3.74362   0.11127   0.18664   0.60901   0.20767   0.00289   0.00000   0.00000   0.00000   0.00000   0.00000   0.01451   0.00000   0.76733   0.30503   0.04592   0.02255   0.01943   0.00000   0.00000   0.03366   0.00549   0.00000   0.00000   0.00000  49.95865   0.00000   0.36862  14.29975   0.12962   0.00000   0.00000   1.27287   0.51431  -1.06765   0.09452  741.71785  
165  0.4024   7253.366002  x:  0.10970   3.73776   0.11081   0.18632   0.61412   0.20737   0.00289   0.00000   0.00000   0.00000   0.00000   0.00000   0.01452   0.00000   0.76580   0.30491   0.04598   0.02257   0.01946   0.00000   0.00000   0.03365   0.00548   0.00000   0.00000   0.00000  49.87142   0.00000   0.37158  14.28404   0.12680   0.00000   0.00000   1.27782   0.52434  -1.05097   0.09476  741.72589  
166  2.6822   7253.341923  x:  0.11051   3.72174   0.11091   0.18723   0.61271   0.20852   0.00289   0.00000   0.00000   0.00000   0.00000   0.00000   0.01458   0.00000   0.77058   0.30606   0.04611   0.02266   0.01957   0.00000   0.00000   0.03383   0.00548   0.00000   0.00000   0.00000  49.62887   0.00000   0.37482  14.24102   0.12563   0.00000   0.00000   1.28014   0.51167  -1.02629   0.09542  741.74823  
167  4.6966   7252.577374  x:  0.10023   3.26011   0.11735   0.17978   0.58908   0.20711   0.00257   0.00000   0.00000   0.00000   0.00000   0.00000   0.01403   0.00000   0.73978   0.29833   0.04388   0.02198   0.01994   0.00000   0.00000   0.03309   0.00453   0.00000   0.00000   0.00000  42.40288   0.00000   0.38415  12.99208   0.11628   0.00000   0.00000   1.27594   0.53179  -1.05886   0.10277  742.41383  
168 13.1846   7252.154311  x:  0.10223   3.43525   0.11457   0.17874   0.59059   0.20638   0.00249   0.00000   0.00000   0.00000   0.00000   0.00000   0.01390   0.00000   0.74023   0.29875   0.04346   0.02186   0.02011   0.00000   0.00000   0.03292   0.00436   0.00000   0.00000   0.00000  38.11149   0.00000   0.37107  12.28023   0.13456   0.00000   0.00000   1.26921   0.54684  -1.07008   0.10266  742.80922  
169 16.6359   7251.626390  x:  0.10421   3.41495   0.11378   0.18423   0.59099   0.20521   0.00314   0.00000   0.00000   0.00000   0.00000   0.00000   0.01442   0.00000   0.74247   0.29644   0.04582   0.02253   0.01874   0.00000   0.00000   0.03361   0.00667   0.00000   0.00000   0.00000  33.30275   0.00000   0.33930  12.41110   0.13880   0.00000   0.00000   1.26424   0.56207  -1.06472   0.10271  743.25535  
170  2.9572   7251.092349  x:  0.11153   3.73410   0.10858   0.18805   0.61066   0.20603   0.00295   0.00000   0.00000   0.00000   0.00000   0.00000   0.01498   0.00000   0.76732   0.30358   0.04717   0.02265   0.01922   0.00000   0.00000   0.03372   0.00540   0.00000   0.00000   0.00000  31.66825   0.00000   0.35391  14.37127   0.13045   0.00000   0.00000   1.28144   0.55845  -0.99014   0.09470  743.42375  
171  0.8830   7251.037485  x:  0.11115   3.71149   0.10859   0.18650   0.60848   0.20680   0.00289   0.00000   0.00000   0.00000   0.00000   0.00000   0.01464   0.00000   0.76466   0.30339   0.04626   0.02252   0.01938   0.00000   0.00000   0.03355   0.00541   0.00000   0.00000   0.00000  29.89125   0.00000   0.36305  14.33772   0.12993   0.00000   0.00000   1.28670   0.55812  -0.97799   0.09503  743.59438  
172  2.3202   7251.032620  x:  0.11101   3.70800   0.10864   0.18602   0.60803   0.20717   0.00288   0.00000   0.00000   0.00000   0.00000   0.00000   0.01449   0.00000   0.76385   0.30340   0.04584   0.02248   0.01941   0.00000   0.00000   0.03351   0.00546   0.00000   0.00000   0.00000  30.31685   0.00000   0.36653  14.34839   0.12965   0.00000   0.00000   1.28767   0.55669  -0.97720   0.09501  743.56210  
173  0.5634   7251.032456  x:  0.11088   3.70090   0.10875   0.18597   0.60761   0.20721   0.00288   0.00000   0.00000   0.00000   0.00000   0.00000   0.01447   0.00000   0.76330   0.30326   0.04571   0.02248   0.01940   0.00000   0.00000   0.03352   0.00545   0.00000   0.00000   0.00000  30.27830   0.00000   0.36707  14.33856   0.12886   0.00000   0.00000   1.28785   0.55683  -0.97769   0.09511  743.58173  
174  0.0244   7251.031582  x:  0.11082   3.69477   0.10884   0.18602   0.60768   0.20715   0.00288   0.00000   0.00000   0.00000   0.00000   0.00000   0.01450   0.00000   0.76348   0.30330   0.04582   0.02248   0.01939   0.00000   0.00000   0.03352   0.00545   0.00000   0.00000   0.00000  30.30854   0.00000   0.36662  14.33906   0.12907   0.00000   0.00000   1.28771   0.55686  -0.97717   0.09514  743.69978  
175  0.0153   7251.026102  x:  0.11051   3.66130   0.10932   0.18621   0.60791   0.20683   0.00287   0.00000   0.00000   0.00000   0.00000   0.00000   0.01462   0.00000   0.76426   0.30343   0.04643   0.02252   0.01937   0.00000   0.00000   0.03351   0.00551   0.00000   0.00000   0.00000  30.49716   0.00000   0.36390  14.34183   0.13059   0.00000   0.00000   1.28699   0.55696  -0.97469   0.09530  745.18097  
176  0.5145   7250.968722  x:  0.11068   3.66971   0.10920   0.18630   0.60829   0.20687   0.00287   0.00000   0.00000   0.00000   0.00000   0.00000   0.01464   0.00000   0.76476   0.30357   0.04655   0.02253   0.01938   0.00000   0.00000   0.03351   0.00551   0.00000   0.00000   0.00000  30.66992   0.00000   0.36399  14.37105   0.13069   0.00000   0.00000   1.28746   0.55633  -0.97357   0.09515  751.96721  
177  0.8486   7249.351583  x:  0.11262   3.74816   0.10739   0.18684   0.61031   0.20740   0.00288   0.00000   0.00000   0.00000   0.00000   0.00000   0.01470   0.00000   0.76803   0.30437   0.04709   0.02254   0.01945   0.00000   0.00000   0.03345   0.00554   0.00000   0.00000   0.00000  36.16820   0.00000   0.36812  14.74058   0.12869   0.00000   0.00000   1.30043   0.54251  -0.96147   0.09399  999.00000  
178 409.4524   7249.344933  x:  0.11236   3.74082   0.10761   0.18673   0.60998   0.20736   0.00288   0.00000   0.00000   0.00000   0.00000   0.00000   0.01467   0.00000   0.76743   0.30423   0.04693   0.02253   0.01944   0.00000   0.00000   0.03346   0.00553   0.00000   0.00000   0.00000  35.20834   0.00000   0.36783  14.68222   0.12883   0.00000   0.00000   1.29842   0.54473  -0.96375   0.09415  999.00000  
179  8.6541   7249.334409  x:  0.11176   3.72195   0.10777   0.18600   0.60734   0.20741   0.00288   0.00000   0.00000   0.00000   0.00000   0.00000   0.01445   0.00000   0.76366   0.30316   0.04561   0.02246   0.01942   0.00000   0.00000   0.03351   0.00544   0.00000   0.00000   0.00000  35.52619   0.00000   0.36890  14.47873   0.12739   0.00000   0.00000   1.29711   0.54646  -0.97275   0.09485  999.00000  
180  0.3155   7249.333313  x:  0.11145   3.70177   0.10810   0.18595   0.60696   0.20726   0.00288   0.00000   0.00000   0.00000   0.00000   0.00000   0.01448   0.00000   0.76332   0.30304   0.04573   0.02246   0.01940   0.00000   0.00000   0.03350   0.00545   0.00000   0.00000   0.00000  35.55273   0.00000   0.36759  14.41122   0.12804   0.00000   0.00000   1.29622   0.54708  -0.97290   0.09507  999.00000  
181  0.0539   7249.333310  x:  0.11143   3.70154   0.10811   0.18595   0.60697   0.20725   0.00288   0.00000   0.00000   0.00000   0.00000   0.00000   0.01448   0.00000   0.76333   0.30304   0.04575   0.02247   0.01940   0.00000   0.00000   0.03350   0.00545   0.00000   0.00000   0.00000  35.55991   0.00000   0.36748  14.41035   0.12813   0.00000   0.00000   1.29614   0.54712  -0.97306   0.09507  999.00000  
182  0.0076   7249.333310  x:  0.11143   3.70154   0.10811   0.18595   0.60697   0.20725   0.00288   0.00000   0.00000   0.00000   0.00000   0.00000   0.01448   0.00000   0.76333   0.30304   0.04575   0.02247   0.01940   0.00000   0.00000   0.03350   0.00545   0.00000   0.00000   0.00000  35.55997   0.00000   0.36749  14.41028   0.12813   0.00000   0.00000   1.29614   0.54712  -0.97306   0.09507  999.00000  
183  0.0001   7249.333310  x:  0.11143   3.70154   0.10811   0.18595   0.60697   0.20725   0.00288   0.00000   0.00000   0.00000   0.00000   0.00000   0.01448   0.00000   0.76333   0.30304   0.04575   0.02247   0.01940   0.00000   0.00000   0.03350   0.00545   0.00000   0.00000   0.00000  35.55997   0.00000   0.36749  14.41028   0.12813   0.00000   0.00000   1.29614   0.54712  -0.97306   0.09507  999.00000  
184  0.0000   7249.333310  x:  0.11143   3.70154   0.10811   0.18595   0.60697   0.20725   0.00288   0.00000   0.00000   0.00000   0.00000   0.00000   0.01448   0.00000   0.76333   0.30304   0.04575   0.02247   0.01940   0.00000   0.00000   0.03350   0.00545   0.00000   0.00000   0.00000  35.55997   0.00000   0.36749  14.41028   0.12813   0.00000   0.00000   1.29614   0.54712  -0.97306   0.09507  999.00000  
check convergence!
