Supplemental results for CODEML (seqf: RKL00490.1_msa.phylip  treef: RKL00490.1_tree)


MLEs of dN/dS (w) for site classes (K=4)

site class             0        1       2a       2b
proportion       0.81671  0.05197  0.12346  0.00786
background w     0.03667  1.00000  0.03667  1.00000
foreground w     0.03667  1.00000  2.00000  2.00000

Naive Empirical Bayes (NEB) probabilities for 4 classes
(amino acids refer to 1st sequence: RKL00490.1)

   1 M   0.89133 0.00000 0.10867 0.00000 ( 1)
   2 H   0.88649 0.00065 0.11278 0.00009 ( 1)
   3 F   0.89283 0.00025 0.10689 0.00003 ( 1)
   4 P   0.15510 0.72707 0.01900 0.09883 ( 2)
   5 S   0.88879 0.01700 0.09209 0.00213 ( 1)
   6 A   0.00010 0.87318 0.00001 0.12671 ( 2)
   7 I   0.02803 0.85260 0.00343 0.11594 ( 2)
   8 A   0.87513 0.01608 0.10661 0.00218 ( 1)
   9 L   0.66075 0.22057 0.08750 0.03118 ( 1)
  10 L   0.88306 0.00000 0.11694 0.00000 ( 1)
  11 T   0.66646 0.20920 0.09384 0.03050 ( 1)
  12 A   0.83401 0.06848 0.08881 0.00870 ( 1)
  13 L   0.88942 0.00215 0.10813 0.00029 ( 1)
  14 P   0.87395 0.00001 0.12604 0.00000 ( 1)
  15 S   0.55070 0.32144 0.08019 0.04767 ( 1)
  16 V   0.87706 0.02603 0.09360 0.00331 ( 1)
  17 L   0.85768 0.01760 0.12213 0.00258 ( 1)
  18 A   0.90376 0.00000 0.09624 0.00000 ( 1)
  19 C   0.89514 0.00000 0.10485 0.00000 ( 1)
  20 K   0.00280 0.87826 0.00034 0.11860 ( 2)
  21 G   0.89352 0.00000 0.10648 0.00000 ( 1)
  22 Y   0.88569 0.00000 0.11431 0.00000 ( 1)
  23 T   0.88881 0.00020 0.11097 0.00003 ( 1)
  24 G   0.87803 0.00000 0.12197 0.00000 ( 1)
  25 G   0.87803 0.00000 0.12197 0.00000 ( 1)
  26 L   0.88300 0.00006 0.11693 0.00001 ( 1)
  27 P   0.89085 0.00000 0.10915 0.00000 ( 1)
  28 K   0.89213 0.00000 0.10786 0.00000 ( 1)
  29 H   0.88327 0.01336 0.10160 0.00176 ( 1)
  30 T   0.87656 0.00001 0.12343 0.00000 ( 1)
  31 G   0.87803 0.00000 0.12197 0.00000 ( 1)
  32 T   0.90027 0.00016 0.09956 0.00002 ( 1)
  33 K   0.89213 0.00000 0.10786 0.00000 ( 1)
  34 T   0.88897 0.00004 0.11099 0.00001 ( 1)
  35 L   0.89160 0.00000 0.10840 0.00000 ( 1)
  36 S   0.89216 0.00171 0.10590 0.00023 ( 1)
  37 A   0.88637 0.00498 0.10798 0.00068 ( 1)
  38 P   0.87889 0.00001 0.12110 0.00000 ( 1)
  39 Q   0.74367 0.13334 0.10365 0.01934 ( 1)
  40 Y   0.88482 0.00087 0.11419 0.00012 ( 1)
  41 I   0.90226 0.00000 0.09774 0.00000 ( 1)
  42 K   0.78608 0.09781 0.10240 0.01371 ( 1)
  43 K   0.89204 0.00010 0.10785 0.00001 ( 1)
  44 G   0.90660 0.00000 0.09340 0.00000 ( 1)
  45 Q   0.86749 0.01452 0.11593 0.00206 ( 1)
  46 T   0.90033 0.00009 0.09956 0.00001 ( 1)
  47 F   0.89308 0.00000 0.10692 0.00000 ( 1)
  48 D   0.90965 0.00000 0.09035 0.00000 ( 1)
  49 A   0.89141 0.00000 0.10859 0.00000 ( 1)
  50 G   0.89733 0.00909 0.09245 0.00114 ( 1)
  51 W   0.88116 0.00008 0.11874 0.00001 ( 1)
  52 V   0.90357 0.00000 0.09643 0.00000 ( 1)
  53 K   0.89192 0.00021 0.10784 0.00003 ( 1)
  54 Y   0.88561 0.00009 0.11429 0.00001 ( 1)
  55 D   0.89729 0.00000 0.10271 0.00000 ( 1)
  56 R   0.88463 0.00001 0.11537 0.00000 ( 1)
  57 G   0.90660 0.00000 0.09340 0.00000 ( 1)
  58 V   0.87758 0.00000 0.12242 0.00000 ( 1)
  59 K   0.88474 0.00000 0.11526 0.00000 ( 1)
  60 C   0.89514 0.00000 0.10485 0.00000 ( 1)
  61 T   0.23998 0.64954 0.02654 0.08395 ( 2)
  62 S   0.15032 0.00001 0.84967 0.00000 ( 3)
  63 Q   0.88206 0.00005 0.11788 0.00001 ( 1)
  64 D   0.00005 0.88368 0.00001 0.11627 ( 2)
  65 E   0.88869 0.00000 0.11131 0.00000 ( 1)
  66 G   0.87803 0.00000 0.12197 0.00000 ( 1)
  67 G   0.89296 0.00055 0.10642 0.00007 ( 1)
  68 E   0.89391 0.00223 0.10357 0.00029 ( 1)
  69 K   0.88474 0.00000 0.11526 0.00000 ( 1)
  70 D   0.89729 0.00000 0.10271 0.00000 ( 1)
  71 T   0.88890 0.00010 0.11098 0.00001 ( 1)
  72 V   0.89132 0.00000 0.10868 0.00000 ( 1)
  73 F   0.89308 0.00000 0.10692 0.00000 ( 1)
  74 V   0.90357 0.00000 0.09643 0.00000 ( 1)
  75 L   0.89160 0.00001 0.10840 0.00000 ( 1)
  76 E   0.89616 0.00000 0.10383 0.00000 ( 1)
  77 D   0.90947 0.00018 0.09033 0.00002 ( 1)
  78 G   0.87803 0.00000 0.12197 0.00000 ( 1)
  79 A   0.90376 0.00000 0.09624 0.00000 ( 1)
  80 K   0.88425 0.00048 0.11519 0.00007 ( 1)
  81 L   0.88294 0.00012 0.11692 0.00002 ( 1)
  82 R   0.87246 0.00002 0.12752 0.00000 ( 1)
  83 N   0.90743 0.00000 0.09257 0.00000 ( 1)
  84 V   0.90357 0.00000 0.09643 0.00000 ( 1)
  85 I   0.89083 0.00000 0.10916 0.00000 ( 1)
  86 I   0.90226 0.00000 0.09774 0.00000 ( 1)
  87 G   0.90660 0.00000 0.09340 0.00000 ( 1)
  88 A   0.90376 0.00000 0.09624 0.00000 ( 1)
  89 N   0.90743 0.00000 0.09257 0.00000 ( 1)
  90 Q   0.88197 0.00015 0.11786 0.00002 ( 1)
  91 R   0.01376 0.86847 0.00163 0.11614 ( 2)
  92 E   0.88869 0.00000 0.11131 0.00000 ( 1)
  93 G   0.90660 0.00000 0.09340 0.00000 ( 1)
  94 V   0.88539 0.00020 0.11438 0.00003 ( 1)
  95 Y   0.89555 0.00000 0.10444 0.00000 ( 1)
  96 C   0.89514 0.00000 0.10485 0.00000 ( 1)
  97 L   0.00252 0.87825 0.00031 0.11892 ( 2)
  98 G   0.87803 0.00000 0.12197 0.00000 ( 1)
  99 S   0.87164 0.00125 0.12692 0.00019 ( 1)
 100 C   0.89515 0.00000 0.10485 0.00000 ( 1)
 101 T   0.88900 0.00001 0.11099 0.00000 ( 1)
 102 L   0.88670 0.00066 0.11256 0.00009 ( 1)
 103 E   0.88869 0.00000 0.11131 0.00000 ( 1)
 104 F   0.89308 0.00000 0.10692 0.00000 ( 1)
 105 V   0.90356 0.00002 0.09643 0.00000 ( 1)
 106 W   0.88116 0.00008 0.11874 0.00001 ( 1)
 107 F   0.89308 0.00000 0.10692 0.00000 ( 1)
 108 E   0.89617 0.00000 0.10383 0.00000 ( 1)
 109 D   0.90965 0.00000 0.09035 0.00000 ( 1)
 110 V   0.90357 0.00000 0.09643 0.00000 ( 1)
 111 C   0.89515 0.00000 0.10485 0.00000 ( 1)
 112 E   0.89617 0.00000 0.10383 0.00000 ( 1)
 113 D   0.89729 0.00000 0.10271 0.00000 ( 1)
 114 A   0.90376 0.00000 0.09624 0.00000 ( 1)
 115 I   0.90226 0.00000 0.09774 0.00000 ( 1)
 116 S   0.88267 0.00012 0.11720 0.00002 ( 1)
 117 I   0.90226 0.00000 0.09774 0.00000 ( 1)
 118 K   0.88135 0.01065 0.10656 0.00144 ( 1)
 119 G   0.90660 0.00000 0.09340 0.00000 ( 1)
 120 G   0.90654 0.00006 0.09339 0.00001 ( 1)
 121 G   0.90660 0.00000 0.09340 0.00000 ( 1)
 122 T   0.87656 0.00001 0.12343 0.00000 ( 1)
 123 A   0.90376 0.00000 0.09624 0.00000 ( 1)
 124 N   0.90743 0.00000 0.09257 0.00000 ( 1)
 125 I   0.90226 0.00000 0.09774 0.00000 ( 1)
 126 I   0.90226 0.00000 0.09774 0.00000 ( 1)
 127 G   0.87802 0.00000 0.12197 0.00000 ( 1)
 128 G   0.89352 0.00000 0.10648 0.00000 ( 1)
 129 G   0.90654 0.00005 0.09339 0.00001 ( 1)
 130 A   0.90376 0.00000 0.09624 0.00000 ( 1)
 131 N   0.90743 0.00000 0.09257 0.00000 ( 1)
 132 D   0.89729 0.00000 0.10271 0.00000 ( 1)
 133 Y   0.89556 0.00000 0.10444 0.00000 ( 1)
 134 G   0.87803 0.00000 0.12197 0.00000 ( 1)
 135 K   0.89213 0.00000 0.10786 0.00000 ( 1)
 136 V   0.88559 0.00000 0.11441 0.00000 ( 1)
 137 Y   0.89556 0.00000 0.10444 0.00000 ( 1)
 138 R   0.88948 0.00133 0.10901 0.00018 ( 1)
 139 S   0.88275 0.00004 0.11721 0.00001 ( 1)
 140 C   0.89514 0.00000 0.10485 0.00000 ( 1)
 141 G   0.89352 0.00000 0.10648 0.00000 ( 1)
 142 N   0.90743 0.00000 0.09257 0.00000 ( 1)
 143 C   0.89515 0.00000 0.10485 0.00000 ( 1)
 144 K   0.89152 0.00061 0.10779 0.00008 ( 1)
 145 G   0.89351 0.00000 0.10648 0.00000 ( 1)
 146 N   0.90743 0.00000 0.09257 0.00000 ( 1)
 147 C   0.89515 0.00000 0.10485 0.00000 ( 1)
 148 R   0.87482 0.00386 0.12076 0.00056 ( 1)
 149 R   0.89398 0.00001 0.10601 0.00000 ( 1)
 150 S   0.87788 0.00000 0.12211 0.00000 ( 1)
 151 V   0.88558 0.00001 0.11441 0.00000 ( 1)
 152 H   0.88714 0.00000 0.11286 0.00000 ( 1)
 153 M   0.89133 0.00000 0.10867 0.00000 ( 1)
 154 E   0.88869 0.00000 0.11131 0.00000 ( 1)
 155 G   0.90027 0.00000 0.09973 0.00000 ( 1)
 156 T   0.90003 0.00039 0.09953 0.00005 ( 1)
 157 T   0.88901 0.00000 0.11099 0.00000 ( 1)
 158 A   0.89141 0.00000 0.10859 0.00000 ( 1)
 159 V   0.88559 0.00000 0.11441 0.00000 ( 1)
 160 N   0.90743 0.00000 0.09257 0.00000 ( 1)
 161 G   0.89352 0.00000 0.10648 0.00000 ( 1)
 162 G   0.89352 0.00000 0.10648 0.00000 ( 1)
 163 E   0.89617 0.00000 0.10383 0.00000 ( 1)
 164 L   0.87934 0.00002 0.12063 0.00000 ( 1)
 165 M   0.89132 0.00001 0.10866 0.00000 ( 1)
 166 G   0.90660 0.00000 0.09340 0.00000 ( 1)
 167 I   0.90226 0.00000 0.09774 0.00000 ( 1)
 168 N   0.90743 0.00000 0.09257 0.00000 ( 1)
 169 T   0.90016 0.00026 0.09954 0.00003 ( 1)
 170 N   0.90743 0.00000 0.09257 0.00000 ( 1)
 171 L   0.04379 0.83067 0.00601 0.11953 ( 2)
 172 G   0.90660 0.00000 0.09340 0.00000 ( 1)
 173 D   0.89729 0.00000 0.10271 0.00000 ( 1)
 174 K   0.89213 0.00000 0.10786 0.00000 ( 1)
 175 V   0.12349 0.00028 0.87616 0.00008 ( 3)
 176 C   0.88578 0.00000 0.11422 0.00000 ( 1)
 177 M   0.00264 0.00000 0.99736 0.00000 ( 3)
 178 V   0.00264 0.00004 0.99730 0.00002 ( 3)
 179 I   0.00002 0.79428 0.00012 0.20558 ( 2)
 180 K   0.89213 0.00000 0.10786 0.00000 ( 1)
 181 N   0.00277 0.00012 0.99704 0.00007 ( 3)


lnL = -3284.009902

