

TREE # 1

  0  0.0000   3756.283925  x:  0.04327   0.04593   0.08347   0.08624   0.15943   0.26773   0.31473   0.00013   0.06093   0.15496   0.10675   0.00986   0.12491   0.02740   0.01441   0.07979   0.22547   0.17364   0.06607   0.05899   0.02837   0.05487   0.02105   0.04426   0.05767   0.05193   0.00865   0.10791   0.10439   0.06282   0.03216   0.02882   0.02155   0.05409   0.06636   0.10440   0.00753   0.04940   0.03711   0.03034   0.00556   0.04673   0.14277   0.03176   0.01109   0.13415   0.03541   0.04002   0.02633   0.04569   0.00000   0.08698   0.04336   0.05100   0.06193   0.04367   0.02948   2.00000   1.16636   0.10604   0.21406  
  1 99.0000   3682.570510  x:  0.03413   0.03916   0.07639   0.08636   0.16764   0.27314   0.32424   0.07693   0.07834   0.16108   0.11171   0.01870   0.12365   0.02039   0.00515   0.08393   0.23544   0.17842   0.06929   0.05926   0.04243   0.04703   0.01221   0.03575   0.04975   0.04340   0.00000   0.10530   0.11531   0.05577   0.02327   0.02019   0.01506   0.04509   0.05810   0.10325   0.00511   0.04742   0.03213   0.06953   0.04218   0.06194   0.14443   0.04749   0.05879   0.13505   0.02763   0.03044   0.01674   0.03634   1.07793   0.08879   0.03536   0.04290   0.05366   0.03421   0.01999   2.00155   1.16932   0.10312   0.17533  
  2 17308.2255   3638.516476  x:  0.02911   0.03584   0.07274   0.08686   0.17144   0.27564   0.32776   0.08401   0.08477   0.16442   0.11451   0.02196   0.12336   0.01706   0.00000   0.08633   0.23892   0.18154   0.07090   0.05983   0.04749   0.04278   0.00729   0.03106   0.04548   0.03868   0.00000   0.10400   0.12097   0.05203   0.01831   0.01541   0.01227   0.04009   0.05365   0.10288   0.00488   0.04689   0.02981   0.08061   0.04860   0.06700   0.14496   0.04970   0.05758   0.13286   0.02369   0.02515   0.01143   0.03111   1.07709   0.09026   0.03124   0.03863   0.04925   0.02900   0.01477   2.00238   1.17063   0.10183   0.14833  
  3 1098.4725   3605.917692  x:  0.02182   0.03488   0.06927   0.08860   0.17393   0.27854   0.33268   0.08417   0.08280   0.16779   0.11574   0.01564   0.12395   0.01928   0.00000   0.08777   0.24369   0.18597   0.07182   0.06029   0.03996   0.03807   0.00000   0.02456   0.04058   0.03199   0.00000   0.10323   0.12473   0.04736   0.01085   0.00825   0.01891   0.03275   0.04864   0.10358   0.00810   0.04886   0.02992   0.07125   0.04201   0.06506   0.14596   0.04997   0.05755   0.13157   0.02224   0.01726   0.00351   0.02346   1.07755   0.09267   0.02796   0.03438   0.04409   0.02140   0.00712   2.00271   1.17572   0.09680   0.11844  
  4 1322.6084   3598.811125  x:  0.01864   0.03549   0.06847   0.08930   0.17525   0.28060   0.33532   0.08256   0.08138   0.16923   0.11668   0.01560   0.12461   0.02018   0.00000   0.08821   0.24569   0.18742   0.07242   0.06043   0.04150   0.03684   0.00000   0.02190   0.03920   0.02916   0.00000   0.10367   0.12484   0.04527   0.00766   0.00488   0.01919   0.02942   0.04715   0.10413   0.00390   0.04953   0.03032   0.06961   0.04057   0.06428   0.14684   0.04959   0.05804   0.13167   0.02276   0.01377   0.00000   0.02017   1.07765   0.09348   0.02759   0.03345   0.04245   0.01811   0.00380   2.00245   1.17945   0.09312   0.11642  
  5 906.3194   3592.213993  x:  0.01499   0.03616   0.06766   0.08992   0.17673   0.28298   0.33829   0.08088   0.08008   0.17076   0.11761   0.01583   0.12530   0.02085   0.00000   0.08857   0.24789   0.18885   0.07279   0.06066   0.04289   0.03565   0.00000   0.01888   0.03783   0.02594   0.00000   0.10416   0.12478   0.04329   0.00394   0.00100   0.01906   0.02557   0.04562   0.10472   0.00449   0.05007   0.03064   0.06887   0.03967   0.06366   0.14785   0.04914   0.05859   0.13182   0.02333   0.00978   0.00000   0.01642   1.07771   0.09420   0.02730   0.03255   0.04071   0.01435   0.00000   2.00214   1.18390   0.08870   0.11612  
  6 3218.5513   3590.738432  x:  0.01405   0.03627   0.06746   0.09000   0.17704   0.28353   0.33897   0.08058   0.07987   0.17108   0.11774   0.01577   0.12542   0.02091   0.00000   0.08859   0.24838   0.18913   0.07282   0.06065   0.04283   0.03540   0.00000   0.01809   0.03753   0.02510   0.00000   0.10423   0.12474   0.04279   0.00298   0.00000   0.01903   0.02458   0.04527   0.10484   0.00449   0.05013   0.03065   0.06880   0.03956   0.06355   0.14807   0.04904   0.05870   0.13184   0.02341   0.00875   0.00000   0.01546   1.07771   0.09431   0.02722   0.03235   0.04030   0.01339   0.00000   2.00207   1.18504   0.08758   0.11615  
  7 14504.0154   3586.524995  x:  0.01111   0.03662   0.06683   0.09028   0.17805   0.28527   0.34114   0.07963   0.07919   0.17209   0.11819   0.01557   0.12582   0.02112   0.00000   0.08870   0.24997   0.19004   0.07292   0.06060   0.04258   0.03461   0.00000   0.01566   0.03660   0.02249   0.00000   0.10447   0.12462   0.04124   0.00000   0.00000   0.01893   0.02149   0.04417   0.10521   0.00446   0.05032   0.03067   0.06861   0.03921   0.06323   0.14878   0.04873   0.05905   0.13190   0.02366   0.00556   0.00000   0.01248   1.07773   0.09467   0.02699   0.03171   0.03899   0.01038   0.00000   2.00185   1.18857   0.08408   0.11627  
  8 2921474.1575   3580.170650  x:  0.00597   0.03675   0.06552   0.09068   0.17966   0.28792   0.34465   0.07892   0.07865   0.17383   0.11889   0.01489   0.12632   0.02133   0.00000   0.08898   0.25267   0.19166   0.07324   0.06054   0.04275   0.03317   0.00000   0.01124   0.03494   0.01777   0.00000   0.10465   0.12496   0.03983   0.00000   0.00000   0.01916   0.01636   0.04105   0.10530   0.00439   0.05063   0.03048   0.06753   0.03825   0.06279   0.14982   0.04852   0.05942   0.13172   0.02360   0.00000   0.00000   0.00723   1.07771   0.09530   0.02623   0.03038   0.03669   0.00513   0.00000   2.00345   1.19400   0.07880   0.11741  
  9 7586.9896   3574.886676  x:  0.00096   0.03708   0.06433   0.09097   0.18099   0.29031   0.34769   0.07721   0.07729   0.17515   0.11965   0.01524   0.12676   0.02181   0.00000   0.08917   0.25478   0.19291   0.07331   0.06040   0.04234   0.03214   0.00000   0.00666   0.03371   0.01287   0.00000   0.10474   0.12473   0.03895   0.00000   0.00000   0.01903   0.01149   0.03795   0.10539   0.00429   0.05091   0.03068   0.06718   0.03768   0.06209   0.15058   0.04803   0.05968   0.13145   0.02391   0.00000   0.00000   0.00211   1.07777   0.09576   0.02574   0.02932   0.03472   0.00000   0.00000   2.00594   1.19890   0.07411   0.11783  
 10 9377.5264   3574.003986  x:  0.00000   0.03720   0.06414   0.09105   0.18127   0.29077   0.34828   0.07691   0.07705   0.17541   0.11973   0.01504   0.12685   0.02190   0.00000   0.08918   0.25520   0.19315   0.07333   0.06041   0.04235   0.03199   0.00000   0.00569   0.03353   0.01184   0.00000   0.10479   0.12467   0.03874   0.00000   0.00000   0.01898   0.01058   0.03748   0.10547   0.00427   0.05096   0.03075   0.06716   0.03761   0.06201   0.15075   0.04796   0.05976   0.13142   0.02402   0.00000   0.00000   0.00114   1.07778   0.09587   0.02570   0.02916   0.03440   0.00000   0.00000   2.00646   1.19980   0.07325   0.11789  
 11 13086.7554   3573.080068  x:  0.00000   0.03736   0.06396   0.09115   0.18160   0.29134   0.34900   0.07670   0.07698   0.17579   0.11993   0.01513   0.12700   0.02196   0.00000   0.08924   0.25575   0.19346   0.07336   0.06043   0.04222   0.03187   0.00000   0.00438   0.03337   0.01046   0.00000   0.10488   0.12463   0.03858   0.00000   0.00000   0.01895   0.00954   0.03700   0.10555   0.00426   0.05101   0.03077   0.06700   0.03746   0.06193   0.15099   0.04790   0.05990   0.13142   0.02414   0.00000   0.00000   0.00000   1.07778   0.09600   0.02567   0.02902   0.03410   0.00000   0.00000   2.00683   1.20085   0.07226   0.11795  
 12 5526.9304   3570.548745  x:  0.00000   0.03783   0.06338   0.09149   0.18271   0.29321   0.35140   0.07601   0.07672   0.17704   0.12056   0.01542   0.12749   0.02216   0.00000   0.08944   0.25757   0.19446   0.07344   0.06049   0.04182   0.03147   0.00000   0.00000   0.03286   0.00586   0.00000   0.10516   0.12451   0.03805   0.00000   0.00000   0.01888   0.00613   0.03543   0.10583   0.00419   0.05117   0.03083   0.06647   0.03694   0.06166   0.15178   0.04771   0.06036   0.13144   0.02449   0.00000   0.00000   0.00000   1.07778   0.09644   0.02557   0.02858   0.03312   0.00000   0.00000   2.00805   1.20430   0.06898   0.11817  
 13 3738718.3401   3568.215940  x:  0.00000   0.03808   0.06282   0.09156   0.18357   0.29493   0.35363   0.07536   0.07634   0.17791   0.12080   0.01516   0.12778   0.02227   0.00000   0.08940   0.25914   0.19517   0.07340   0.06039   0.04166   0.03092   0.00000   0.00000   0.03223   0.00000   0.00000   0.10528   0.12418   0.03827   0.00000   0.00000   0.01879   0.00236   0.03352   0.10577   0.00413   0.05117   0.03085   0.06625   0.03677   0.06137   0.15241   0.04757   0.06067   0.13137   0.02447   0.00000   0.00000   0.00000   1.07778   0.09663   0.02548   0.02826   0.03236   0.00000   0.00000   2.00813   1.20782   0.06590   0.11805  
 14 890.3289   3567.302256  x:  0.00000   0.03773   0.06266   0.09146   0.18358   0.29537   0.35426   0.07537   0.07632   0.17795   0.12086   0.01538   0.12772   0.02209   0.00000   0.08952   0.25956   0.19530   0.07342   0.06051   0.04158   0.03058   0.00000   0.00000   0.03187   0.00000   0.00000   0.10516   0.12440   0.03773   0.00000   0.00000   0.01892   0.00000   0.03370   0.10589   0.00414   0.05114   0.03084   0.06629   0.03635   0.06141   0.15250   0.04735   0.06058   0.13119   0.02453   0.00000   0.00000   0.00000   1.07778   0.09664   0.02521   0.02801   0.03220   0.00000   0.00000   2.00896   1.20965   0.06429   0.11791  
 15 432.5586   3533.012658  x:  0.00000   0.02244   0.04908   0.08511   0.19290   0.31690   0.38449   0.07105   0.07570   0.17960   0.12377   0.02759   0.11988   0.01982   0.00000   0.09089   0.27738   0.19721   0.06936   0.05411   0.03800   0.01188   0.00000   0.00000   0.01099   0.00000   0.00000   0.09444   0.13202   0.00000   0.00000   0.00000   0.01302   0.00000   0.03787   0.10430   0.00657   0.05220   0.01316   0.03191   0.07173   0.05828   0.15206   0.06233   0.05704   0.11915   0.01111   0.00000   0.00000   0.00000   1.07749   0.09828   0.01165   0.01202   0.01691   0.00000   0.00000   2.06997   1.34533  -0.06025   0.09928  
 16 870.5926   3523.188745  x:  0.00000   0.01607   0.04336   0.08263   0.19686   0.32658   0.39792   0.06914   0.07559   0.18030   0.12463   0.03100   0.11651   0.01828   0.00000   0.09154   0.28531   0.19815   0.06799   0.05189   0.03647   0.00361   0.00000   0.00000   0.00172   0.00000   0.00000   0.09006   0.13574   0.00206   0.00000   0.00000   0.01032   0.00000   0.04430   0.10561   0.00640   0.05270   0.00609   0.01959   0.08596   0.05770   0.15220   0.06796   0.05561   0.11418   0.00677   0.00000   0.00000   0.00000   1.07737   0.09926   0.00582   0.00488   0.00975   0.00000   0.00000   2.09528   1.40628  -0.11692   0.08915  
 17 4268.3557   3512.262683  x:  0.00000   0.01008   0.03551   0.08066   0.20124   0.33620   0.41202   0.07096   0.07674   0.18251   0.12629   0.03258   0.11280   0.01771   0.00000   0.09270   0.29414   0.20081   0.06784   0.04774   0.03535   0.00357   0.00000   0.00000   0.01649   0.00000   0.00000   0.08472   0.14246   0.00307   0.00000   0.00000   0.01260   0.00000   0.04288   0.10327   0.00628   0.05410   0.00699   0.01427   0.09685   0.05410   0.15164   0.07536   0.05324   0.10821   0.00115   0.00000   0.00000   0.00000   1.07709   0.10074   0.00265   0.00214   0.00144   0.00000   0.00000   2.11988   1.46894  -0.17622   0.07682  
 18 1864.0552   3497.738833  x:  0.00000   0.00141   0.02358   0.07710   0.20697   0.34832   0.43046   0.07680   0.07884   0.18544   0.12842   0.03375   0.10700   0.01667   0.00000   0.09405   0.30591   0.20485   0.06783   0.03981   0.03438   0.00518   0.00000   0.00000   0.02711   0.00000   0.00000   0.07637   0.15340   0.00406   0.00000   0.00000   0.01846   0.00000   0.03388   0.09597   0.00616   0.05583   0.00633   0.00951   0.11176   0.04712   0.14994   0.08684   0.04884   0.09923   0.00962   0.00000   0.00000   0.00000   1.07653   0.10190   0.00307   0.00591   0.00577   0.00000   0.00000   2.15157   1.55243  -0.25609   0.05915  
 19 4462.3083   3485.506883  x:  0.00000   0.01219   0.01030   0.07150   0.21131   0.36077   0.45043   0.08624   0.08143   0.18706   0.13004   0.03530   0.09913   0.01432   0.00000   0.09556   0.31840   0.20873   0.06796   0.02988   0.03377   0.00683   0.00000   0.00000   0.03471   0.00000   0.00000   0.06557   0.16764   0.00485   0.00000   0.00000   0.02814   0.00000   0.02265   0.08530   0.00601   0.05723   0.00518   0.00815   0.12549   0.03773   0.14681   0.09936   0.04220   0.08789   0.01361   0.00000   0.00000   0.00000   1.07585   0.10186   0.00426   0.00893   0.01070   0.00000   0.00000   2.18837   1.64936  -0.34919   0.03849  
 20 8232.4964   3479.009407  x:  0.00000   0.00813   0.01904   0.07076   0.21108   0.36046   0.45405   0.08932   0.08782   0.18993   0.12982   0.03272   0.09467   0.01903   0.00000   0.09361   0.32016   0.20774   0.06874   0.02489   0.03389   0.01005   0.00000   0.00000   0.02490   0.00000   0.00000   0.06076   0.16915   0.00456   0.00000   0.00000   0.03299   0.00000   0.00923   0.08068   0.00608   0.05731   0.01830   0.01552   0.12559   0.03136   0.14293   0.11138   0.04038   0.08056   0.00752   0.00000   0.00000   0.00000   1.07556   0.10330   0.01377   0.00922   0.00815   0.00000   0.00000   2.19709   1.69238  -0.39124   0.02980  
 21 702.9345   3476.550605  x:  0.00000   0.00753   0.01603   0.07203   0.21042   0.35657   0.45192   0.08722   0.08848   0.19210   0.13023   0.02951   0.09225   0.02261   0.00000   0.09257   0.31784   0.20716   0.07047   0.02490   0.03406   0.01093   0.00000   0.00000   0.02389   0.00000   0.00000   0.05842   0.16824   0.00436   0.00000   0.00000   0.03388   0.00000   0.00223   0.08085   0.00622   0.05660   0.01307   0.02119   0.12201   0.03146   0.13953   0.11608   0.03869   0.07419   0.00880   0.00000   0.00000   0.00000   1.07575   0.10536   0.00846   0.00880   0.00654   0.00000   0.00000   2.19297   1.70273  -0.40180   0.02880  
 22 215.5416   3474.703021  x:  0.00000   0.00677   0.00967   0.07417   0.21337   0.35219   0.45170   0.08461   0.08739   0.19951   0.13374   0.02551   0.08873   0.02901   0.00000   0.09149   0.31705   0.21015   0.07356   0.02121   0.03409   0.01104   0.00000   0.00000   0.02219   0.00000   0.00000   0.05356   0.16827   0.00418   0.00000   0.00000   0.03579   0.00000   0.00650   0.07347   0.00658   0.05547   0.01096   0.02755   0.11877   0.02995   0.13380   0.12527   0.03485   0.06133   0.00841   0.00000   0.00000   0.00000   1.07602   0.10895   0.00402   0.00913   0.00624   0.00000   0.00000   2.18797   1.71446  -0.41418   0.02882  
 23 257.8377   3473.132588  x:  0.00000   0.00697   0.01521   0.07469   0.21714   0.34733   0.45175   0.08217   0.08091   0.20598   0.13833   0.02160   0.08440   0.02938   0.00000   0.09263   0.31609   0.21521   0.07744   0.02005   0.03364   0.00590   0.00000   0.00000   0.02546   0.00000   0.00000   0.04853   0.17266   0.00420   0.00000   0.00000   0.03549   0.00000   0.00694   0.06880   0.00683   0.05288   0.00655   0.02944   0.11725   0.03682   0.12780   0.12899   0.02942   0.04599   0.00826   0.00000   0.00000   0.00000   1.07644   0.11176   0.00674   0.00716   0.00876   0.00000   0.00000   2.18257   1.72428  -0.42517   0.02892  
 24 200.2892   3471.981370  x:  0.00000   0.00760   0.01499   0.07359   0.22043   0.34168   0.45086   0.08134   0.07310   0.21062   0.14254   0.01799   0.07998   0.02563   0.00000   0.09468   0.31437   0.22019   0.08056   0.01989   0.03284   0.00584   0.00000   0.00000   0.02537   0.00000   0.00000   0.04501   0.17926   0.00427   0.00000   0.00000   0.03363   0.00000   0.00590   0.06697   0.00695   0.04981   0.01246   0.02798   0.11857   0.04630   0.12155   0.13003   0.02552   0.03313   0.00890   0.00000   0.00000   0.00000   1.07670   0.11314   0.00422   0.00665   0.00977   0.00000   0.00000   2.17568   1.73209  -0.43442   0.02986  
 25 263.5750   3471.296662  x:  0.00000   0.00687   0.01203   0.07233   0.22254   0.33694   0.45002   0.08117   0.06664   0.21403   0.14589   0.01532   0.07739   0.02161   0.00000   0.09672   0.31297   0.22444   0.08223   0.01978   0.03242   0.00976   0.00000   0.00000   0.02357   0.00000   0.00000   0.04480   0.18522   0.00426   0.00000   0.00000   0.03216   0.00000   0.00584   0.06692   0.00704   0.04807   0.01135   0.02807   0.11808   0.05162   0.11634   0.12929   0.02649   0.02887   0.00782   0.00000   0.00000   0.00000   1.07671   0.11349   0.00871   0.00898   0.00702   0.00000   0.00000   2.17186   1.73581  -0.43965   0.03009  
 26 166.6896   3469.623307  x:  0.00000   0.00694   0.01627   0.06804   0.22790   0.32328   0.44757   0.08228   0.05416   0.22461   0.15404   0.00775   0.07298   0.01101   0.00000   0.10054   0.30915   0.23522   0.08328   0.01542   0.03151   0.01253   0.00000   0.00000   0.02323   0.00000   0.00000   0.05002   0.19906   0.00423   0.00000   0.00000   0.02699   0.00000   0.00607   0.06674   0.00736   0.04515   0.00960   0.03035   0.11724   0.05681   0.10100   0.12777   0.04032   0.03394   0.00761   0.00000   0.00000   0.00000   1.07604   0.11205   0.00480   0.01114   0.00697   0.00000   0.00000   2.16413   1.74469  -0.45336   0.02928  
 27 132.5371   3468.802001  x:  0.00000   0.00667   0.01199   0.06546   0.22967   0.31526   0.44535   0.08378   0.05186   0.22902   0.15696   0.00377   0.07206   0.01004   0.00000   0.10197   0.30637   0.23976   0.08288   0.01480   0.03102   0.00703   0.00000   0.00000   0.02481   0.00000   0.00000   0.05228   0.20653   0.00420   0.00000   0.00000   0.02460   0.00000   0.00572   0.06976   0.00739   0.04521   0.01120   0.03167   0.11848   0.05714   0.09295   0.12397   0.04602   0.03716   0.00806   0.00000   0.00000   0.00000   1.07570   0.11011   0.00820   0.00704   0.00857   0.00000   0.00000   2.15919   1.74885  -0.46067   0.02965  
 28 139.8433   3467.730337  x:  0.00000   0.00700   0.01339   0.06360   0.23188   0.30787   0.44402   0.08600   0.05418   0.23314   0.15912   0.00000   0.07372   0.01645   0.00000   0.10326   0.30433   0.24468   0.08203   0.01692   0.03032   0.00675   0.00000   0.00000   0.02506   0.00000   0.00000   0.05250   0.21570   0.00421   0.00000   0.00000   0.02331   0.00000   0.00609   0.07474   0.00723   0.04764   0.01082   0.03242   0.12279   0.05630   0.08719   0.11494   0.04720   0.03754   0.00981   0.00000   0.00000   0.00000   1.07552   0.10747   0.00795   0.00797   0.00632   0.00000   0.00000   2.15550   1.75248  -0.46854   0.03010  
 29 98.7158   3467.730337  x:  0.00000   0.00700   0.01339   0.06360   0.23188   0.30787   0.44402   0.08600   0.05418   0.23314   0.15912   0.00000   0.07372   0.01645   0.00000   0.10326   0.30433   0.24468   0.08203   0.01692   0.03032   0.00675   0.00000   0.00000   0.02506   0.00000   0.00000   0.05250   0.21570   0.00421   0.00000   0.00000   0.02331   0.00000   0.00609   0.07474   0.00723   0.04764   0.01082   0.03242   0.12279   0.05630   0.08719   0.11494   0.04720   0.03754   0.00981   0.00000   0.00000   0.00000   1.07552   0.10747   0.00795   0.00797   0.00632   0.00000   0.00000   2.15550   1.75248  -0.46854   0.03010  
 30 122.1145   3447.868440  x:  0.00000   0.01429   0.01677   0.06412   0.23342   0.31142   0.44806   0.09362   0.06505   0.23567   0.16019   0.00478   0.07519   0.00954   0.00000   0.10452   0.30764   0.24560   0.08430   0.02053   0.04474   0.00588   0.00000   0.00000   0.01745   0.00000   0.00000   0.05376   0.21817   0.00744   0.00000   0.00000   0.01553   0.00000   0.00587   0.07630   0.00628   0.04524   0.01189   0.06232   0.12360   0.06426   0.09104   0.11178   0.04656   0.03779   0.00521   0.00000   0.00000   0.00000   1.07108   0.10769   0.00479   0.00533   0.00556   0.00000   0.00000   2.15664   1.75329  -0.46933   0.06723  
 31 890.9875   3425.628201  x:  0.00000   0.01716   0.02026   0.06555   0.23628   0.31713   0.45480   0.10731   0.08302   0.24016   0.16220   0.01223   0.07815   0.00056   0.00000   0.10712   0.31360   0.24740   0.08810   0.02644   0.06337   0.00654   0.00000   0.00000   0.00489   0.00000   0.00000   0.05591   0.22278   0.00775   0.00000   0.00000   0.00298   0.00000   0.00652   0.07928   0.00550   0.04172   0.01325   0.10302   0.12516   0.07792   0.09770   0.10643   0.04575   0.03878   0.00434   0.00000   0.00000   0.00000   1.06209   0.10851   0.00627   0.00579   0.00650   0.00000   0.00000   2.15812   1.75494  -0.47096   0.05448  
 32 765.2066   3422.144837  x:  0.00000   0.01777   0.02102   0.06588   0.23697   0.31848   0.45641   0.11056   0.08723   0.24123   0.16267   0.01394   0.07885   0.00267   0.00000   0.10774   0.31502   0.24783   0.08898   0.02780   0.06766   0.00667   0.00000   0.00000   0.00225   0.00000   0.00000   0.05640   0.22389   0.00781   0.00000   0.00000   0.00065   0.00000   0.00663   0.07999   0.00535   0.04090   0.01354   0.11251   0.12553   0.08112   0.09926   0.10515   0.04555   0.03902   0.00425   0.00000   0.00000   0.00000   1.05993   0.10871   0.00652   0.00587   0.00667   0.00000   0.00000   2.15847   1.75534  -0.47135   0.05176  
 33 5557.0650   3418.430606  x:  0.00000   0.01835   0.02179   0.06627   0.23776   0.32003   0.45826   0.11427   0.09198   0.24245   0.16319   0.01581   0.07964   0.00410   0.00000   0.10843   0.31667   0.24834   0.08996   0.02931   0.07237   0.00677   0.00000   0.00000   0.00043   0.00000   0.00000   0.05695   0.22517   0.00785   0.00000   0.00000   0.00309   0.00000   0.00672   0.08078   0.00524   0.03999   0.01381   0.12314   0.12596   0.08473   0.10102   0.10369   0.04532   0.03929   0.00429   0.00000   0.00000   0.00000   1.05743   0.10895   0.00672   0.00595   0.00680   0.00000   0.00000   2.15887   1.75579  -0.47180   0.04885  
 34 4195.1874   3406.158968  x:  0.00000   0.02135   0.02594   0.06842   0.24218   0.32867   0.46867   0.13508   0.11841   0.24925   0.16607   0.02612   0.08405   0.01112   0.00000   0.11233   0.32595   0.25119   0.09539   0.03769   0.09841   0.00728   0.00000   0.00000   0.00832   0.00000   0.00000   0.05996   0.23236   0.00798   0.00000   0.00000   0.01206   0.00000   0.00715   0.08524   0.00471   0.03497   0.01527   0.18222   0.12835   0.10484   0.11083   0.09550   0.04405   0.04083   0.00479   0.00000   0.00000   0.00000   1.04332   0.11027   0.00766   0.00639   0.00743   0.00000   0.00000   2.16112   1.75833  -0.47432   0.03298  
 35 9703.4426   3402.179893  x:  0.00000   0.00700   0.01951   0.06963   0.24484   0.33251   0.47481   0.14576   0.12626   0.25246   0.16650   0.02518   0.08577   0.01123   0.00000   0.11404   0.33189   0.25347   0.09562   0.03797   0.09502   0.00686   0.00000   0.00000   0.00843   0.00000   0.00000   0.05974   0.23715   0.00192   0.00000   0.00000   0.01217   0.00000   0.00552   0.08686   0.00876   0.03621   0.01196   0.19073   0.12985   0.11082   0.11355   0.09159   0.04348   0.04220   0.01494   0.00000   0.00000   0.00000   1.03269   0.11157   0.00881   0.00939   0.00593   0.00000   0.00000   2.16180   1.75961  -0.47560   0.03497  
 36 287.8159   3400.868666  x:  0.00000   0.00347   0.01547   0.07037   0.24664   0.33495   0.47904   0.15266   0.13029   0.25448   0.16662   0.02349   0.08674   0.01122   0.00000   0.11505   0.33597   0.25510   0.09536   0.03740   0.09018   0.00679   0.00000   0.00000   0.00843   0.00000   0.00000   0.05931   0.24050   0.00788   0.00000   0.00000   0.01215   0.00000   0.00594   0.08773   0.01024   0.03749   0.01058   0.19276   0.13085   0.11382   0.11481   0.08919   0.04311   0.04316   0.01699   0.00000   0.00000   0.00000   1.02490   0.11248   0.00872   0.00953   0.00610   0.00000   0.00000   2.16219   1.76047  -0.47646   0.03525  
 37 392.2615   3397.358938  x:  0.00000   0.00943   0.00580   0.07236   0.25155   0.34148   0.49064   0.17119   0.14022   0.25988   0.16684   0.01808   0.08923   0.01110   0.00000   0.11770   0.34715   0.25960   0.09434   0.03538   0.07496   0.00665   0.00000   0.00000   0.00836   0.00000   0.00000   0.05799   0.24969   0.01084   0.00000   0.00000   0.01202   0.00000   0.00646   0.08990   0.01213   0.04116   0.00774   0.19505   0.13359   0.12116   0.11779   0.08288   0.04213   0.04578   0.02244   0.00000   0.00000   0.00000   1.00312   0.11501   0.00850   0.00983   0.00634   0.00000   0.00000   2.16320   1.76277  -0.47879   0.03573  
 38 793.9228   3389.674260  x:  0.00000   0.01313   0.01828   0.07704   0.26416   0.35818   0.52093   0.21800   0.16342   0.27349   0.16745   0.00302   0.09511   0.01095   0.00000   0.12410   0.37599   0.27123   0.09143   0.02960   0.03464   0.00689   0.00000   0.00000   0.00830   0.00000   0.00000   0.05469   0.27339   0.01337   0.00000   0.00000   0.01188   0.00000   0.00762   0.09480   0.01097   0.04968   0.00991   0.19576   0.14055   0.13788   0.12418   0.06769   0.03959   0.05230   0.02779   0.00000   0.00000   0.00000   0.94505   0.12130   0.00671   0.00730   0.00748   0.00000   0.00000   2.16578   1.76869  -0.48475   0.03755  
 39 1022.1593   3387.287223  x:  0.00000   0.01172   0.01661   0.07746   0.26665   0.36156   0.52750   0.22667   0.16630   0.27599   0.16800   0.00000   0.09579   0.01099   0.00000   0.12497   0.38181   0.27353   0.09115   0.02883   0.03405   0.00685   0.00000   0.00000   0.00834   0.00000   0.00000   0.05483   0.27815   0.01199   0.00000   0.00000   0.01194   0.00000   0.00679   0.09508   0.00771   0.04998   0.01158   0.19260   0.14180   0.13944   0.12434   0.06623   0.03918   0.05333   0.02312   0.00000   0.00000   0.00000   0.93116   0.12225   0.00690   0.00650   0.00681   0.00000   0.00000   2.16632   1.76986  -0.48593   0.03783  
 40 389.3730   3387.287223  x:  0.00000   0.01172   0.01661   0.07746   0.26665   0.36156   0.52750   0.22667   0.16630   0.27599   0.16800   0.00000   0.09579   0.01099   0.00000   0.12497   0.38181   0.27353   0.09115   0.02883   0.03405   0.00685   0.00000   0.00000   0.00834   0.00000   0.00000   0.05483   0.27815   0.01199   0.00000   0.00000   0.01194   0.00000   0.00679   0.09508   0.00771   0.04998   0.01158   0.19260   0.14180   0.13944   0.12434   0.06623   0.03918   0.05333   0.02312   0.00000   0.00000   0.00000   0.93116   0.12225   0.00690   0.00650   0.00681   0.00000   0.00000   2.16632   1.76986  -0.48593   0.03783  
 41 1066.9877   3383.523555  x:  0.00000   0.01231   0.01770   0.07704   0.26704   0.36254   0.52921   0.22798   0.16707   0.27643   0.16869   0.00105   0.09562   0.00741   0.00000   0.12485   0.38284   0.27377   0.09189   0.02997   0.04399   0.00648   0.00000   0.00000   0.00663   0.00000   0.00000   0.05578   0.27887   0.00862   0.00000   0.00000   0.00810   0.00000   0.00619   0.09474   0.00577   0.04815   0.01227   0.19632   0.14187   0.13947   0.12409   0.06702   0.03910   0.05311   0.01695   0.00000   0.00000   0.00000   0.92733   0.12199   0.00605   0.00618   0.00616   0.00000   0.00000   2.16666   1.77007  -0.48613   0.05168  
 42 400.9132   3379.596377  x:  0.00000   0.01307   0.01933   0.07623   0.26778   0.36446   0.53261   0.23062   0.16861   0.27727   0.17010   0.00323   0.09532   0.00293   0.00000   0.12464   0.38484   0.27419   0.09324   0.03206   0.06022   0.00632   0.00000   0.00000   0.00519   0.00000   0.00000   0.05740   0.28031   0.00391   0.00000   0.00000   0.00273   0.00000   0.00595   0.09406   0.00440   0.04464   0.01317   0.20387   0.14193   0.13951   0.12352   0.06866   0.03893   0.05266   0.00502   0.00000   0.00000   0.00000   0.91902   0.12149   0.00573   0.00614   0.00592   0.00000   0.00000   2.16743   1.77050  -0.48656   0.04732  
 43 383.6786   3378.405302  x:  0.00000   0.01325   0.01986   0.07583   0.26816   0.36544   0.53438   0.23199   0.16939   0.27769   0.17077   0.00423   0.09515   0.00496   0.00000   0.12452   0.38588   0.27441   0.09384   0.03297   0.06711   0.00633   0.00000   0.00000   0.00536   0.00000   0.00000   0.05808   0.28105   0.00415   0.00000   0.00000   0.00505   0.00000   0.00598   0.09374   0.00517   0.04302   0.01341   0.20772   0.14197   0.13953   0.12324   0.06945   0.03884   0.05244   0.00175   0.00000   0.00000   0.00000   0.91472   0.12124   0.00579   0.00615   0.00595   0.00000   0.00000   2.16783   1.77073  -0.48678   0.04661  
 44 524.4149   3373.443401  x:  0.00000   0.01437   0.02351   0.07263   0.27121   0.37337   0.54864   0.24303   0.17558   0.28109   0.17609   0.01201   0.09385   0.01128   0.00000   0.12360   0.39428   0.27618   0.09841   0.03993   0.11988   0.00651   0.00000   0.00000   0.00693   0.00000   0.00000   0.06324   0.28705   0.00612   0.00000   0.00000   0.01147   0.00000   0.00636   0.09113   0.00976   0.03055   0.01484   0.23859   0.14227   0.13974   0.12100   0.07567   0.03812   0.05069   0.01117   0.00000   0.00000   0.00000   0.87988   0.11932   0.00636   0.00631   0.00636   0.00000   0.00000   2.17106   1.77256  -0.48857   0.04046  
 45 857.5525   3368.057953  x:  0.00000   0.00584   0.01136   0.06968   0.27549   0.38447   0.57026   0.25964   0.18302   0.28539   0.18004   0.01466   0.09214   0.00735   0.00000   0.12238   0.40687   0.27864   0.09810   0.03963   0.12793   0.00861   0.00000   0.00000   0.01230   0.00000   0.00000   0.06118   0.29587   0.02110   0.00000   0.00000   0.00945   0.00000   0.00868   0.08922   0.00463   0.03916   0.00494   0.28016   0.14284   0.14051   0.11860   0.08041   0.03705   0.04945   0.00957   0.00000   0.00000   0.00000   0.82394   0.11828   0.00915   0.00752   0.00882   0.00000   0.00000   2.17612   1.77433  -0.49028   0.04032  
 46 207.0021   3361.225463  x:  0.00000   0.01102   0.00647   0.06683   0.28008   0.39646   0.59419   0.27792   0.19080   0.28996   0.18373   0.01618   0.09040   0.00547   0.00000   0.12113   0.42071   0.28125   0.09683   0.03848   0.12840   0.00827   0.00000   0.00000   0.01389   0.00000   0.00000   0.05808   0.30553   0.03265   0.00000   0.00000   0.00764   0.00000   0.00824   0.08754   0.00000   0.04855   0.01298   0.32496   0.14344   0.14145   0.11618   0.08472   0.03591   0.04845   0.00850   0.00000   0.00000   0.00000   0.76100   0.11753   0.00885   0.00702   0.00842   0.00000   0.00000   2.18178   1.77614  -0.49202   0.04003  
 47 1135.4282   3361.225463  x:  0.00000   0.01102   0.00647   0.06683   0.28008   0.39646   0.59419   0.27792   0.19080   0.28996   0.18373   0.01618   0.09040   0.00547   0.00000   0.12113   0.42071   0.28125   0.09683   0.03848   0.12840   0.00827   0.00000   0.00000   0.01389   0.00000   0.00000   0.05808   0.30553   0.03265   0.00000   0.00000   0.00764   0.00000   0.00824   0.08754   0.00000   0.04855   0.01298   0.32496   0.14344   0.14145   0.11618   0.08472   0.03591   0.04845   0.00850   0.00000   0.00000   0.00000   0.76100   0.11753   0.00885   0.00702   0.00842   0.00000   0.00000   2.18178   1.77614  -0.49202   0.04003  
 48 3139.3711   3358.370894  x:  0.00000   0.01222   0.02171   0.06702   0.28019   0.39684   0.59542   0.27875   0.19087   0.29005   0.18350   0.01543   0.09049   0.00663   0.00000   0.12118   0.42134   0.28129   0.09637   0.03880   0.12641   0.00671   0.00000   0.00000   0.00990   0.00000   0.00000   0.05806   0.30595   0.02797   0.00000   0.00000   0.00629   0.00000   0.00641   0.08780   0.00210   0.04696   0.01295   0.32638   0.14346   0.14155   0.11629   0.08426   0.03591   0.04873   0.00622   0.00000   0.00000   0.00000   0.75692   0.11780   0.00654   0.00621   0.00646   0.00000   0.00000   2.18210   1.77612  -0.49200   0.04749  
 49 392.1748   3356.603833  x:  0.00000   0.01323   0.02653   0.06739   0.28035   0.39749   0.59774   0.28028   0.19096   0.29020   0.18309   0.01407   0.09070   0.00648   0.00000   0.12131   0.42247   0.28129   0.09561   0.03910   0.12252   0.00584   0.00000   0.00000   0.00423   0.00000   0.00000   0.05802   0.30669   0.01852   0.00000   0.00000   0.00583   0.00000   0.00552   0.08829   0.00312   0.04413   0.01289   0.32906   0.14345   0.14171   0.11646   0.08339   0.03590   0.04927   0.00510   0.00000   0.00000   0.00000   0.74863   0.11833   0.00510   0.00611   0.00543   0.00000   0.00000   2.18278   1.77608  -0.49194   0.04030  
 50 224.9865   3354.240888  x:  0.00000   0.01372   0.02655   0.06797   0.28064   0.39867   0.60184   0.28296   0.19114   0.29048   0.18243   0.01181   0.09103   0.00577   0.00000   0.12151   0.42446   0.28131   0.09444   0.03935   0.11598   0.00643   0.00000   0.00000   0.00442   0.00000   0.00000   0.05795   0.30797   0.00336   0.00000   0.00000   0.00646   0.00000   0.00641   0.08908   0.00493   0.03986   0.01277   0.33375   0.14346   0.14200   0.11677   0.08194   0.03586   0.05012   0.00648   0.00000   0.00000   0.00000   0.73425   0.11920   0.00636   0.00648   0.00640   0.00000   0.00000   2.18394   1.77603  -0.49188   0.04079  
 51 340.8553   3350.522189  x:  0.00000   0.01361   0.02292   0.06946   0.28150   0.40225   0.61433   0.29102   0.19170   0.29136   0.18071   0.00555   0.09199   0.00738   0.00000   0.12208   0.43043   0.28130   0.09165   0.03903   0.09697   0.00568   0.00000   0.00000   0.00632   0.00000   0.00000   0.05777   0.31181   0.00000   0.00000   0.00000   0.00539   0.00000   0.00469   0.09120   0.01905   0.03006   0.01248   0.34791   0.14347   0.14280   0.11764   0.07785   0.03563   0.05246   0.00308   0.00000   0.00000   0.00000   0.68987   0.12163   0.00341   0.00583   0.00446   0.00000   0.00000   2.18751   1.77598  -0.49178   0.04102  
 52 268.6054   3346.859797  x:  0.00000   0.01384   0.02275   0.07075   0.28228   0.40559   0.62610   0.29858   0.19225   0.29221   0.17924   0.00000   0.09287   0.00717   0.00000   0.12261   0.43604   0.28130   0.08913   0.03890   0.07974   0.00573   0.00000   0.00000   0.00402   0.00000   0.00000   0.05765   0.31550   0.00122   0.00000   0.00000   0.00567   0.00000   0.00552   0.09309   0.02737   0.02268   0.01230   0.36120   0.14348   0.14352   0.11845   0.07417   0.03540   0.05456   0.00746   0.00000   0.00000   0.00000   0.64782   0.12383   0.00651   0.00598   0.00555   0.00000   0.00000   2.19089   1.77596  -0.49171   0.04092  
 53 1598.2032   3346.859797  x:  0.00000   0.01384   0.02275   0.07075   0.28228   0.40559   0.62610   0.29858   0.19225   0.29221   0.17924   0.00000   0.09287   0.00717   0.00000   0.12261   0.43604   0.28130   0.08913   0.03890   0.07974   0.00573   0.00000   0.00000   0.00402   0.00000   0.00000   0.05765   0.31550   0.00122   0.00000   0.00000   0.00567   0.00000   0.00552   0.09309   0.02737   0.02268   0.01230   0.36120   0.14348   0.14352   0.11845   0.07417   0.03540   0.05456   0.00746   0.00000   0.00000   0.00000   0.64782   0.12383   0.00651   0.00598   0.00555   0.00000   0.00000   2.19089   1.77596  -0.49171   0.04092  
 54 950.4740   3345.221342  x:  0.00000   0.01297   0.02106   0.07048   0.28233   0.40592   0.62750   0.29935   0.19240   0.29238   0.17965   0.00072   0.09291   0.00584   0.00000   0.12264   0.43662   0.28125   0.08954   0.03884   0.08056   0.00718   0.00000   0.00000   0.01033   0.00000   0.00000   0.05780   0.31594   0.00582   0.00000   0.00000   0.00685   0.00000   0.00702   0.09286   0.02138   0.02971   0.01264   0.36259   0.14347   0.14348   0.11848   0.07439   0.03527   0.05441   0.00551   0.00000   0.00000   0.00000   0.64212   0.12375   0.00609   0.00652   0.00698   0.00000   0.00000   2.19130   1.77607  -0.49181   0.04756  
 55 239.4041   3342.435919  x:  0.00000   0.01156   0.01742   0.06976   0.28240   0.40673   0.63129   0.30140   0.19275   0.29281   0.18077   0.00270   0.09302   0.00546   0.00000   0.12274   0.43811   0.28102   0.09059   0.03870   0.08272   0.00764   0.00000   0.00000   0.01237   0.00000   0.00000   0.05821   0.31698   0.00862   0.00000   0.00000   0.00706   0.00000   0.00727   0.09227   0.00408   0.04311   0.01313   0.36634   0.14340   0.14337   0.11854   0.07501   0.03495   0.05403   0.00500   0.00000   0.00000   0.00000   0.62592   0.12354   0.00605   0.00668   0.00722   0.00000   0.00000   2.19251   1.77630  -0.49203   0.04138  
 56 281.0197   3341.632182  x:  0.00000   0.01192   0.01708   0.06939   0.28245   0.40720   0.63347   0.30259   0.19293   0.29305   0.18129   0.00354   0.09305   0.00656   0.00000   0.12277   0.43898   0.28088   0.09105   0.03875   0.08373   0.00666   0.00000   0.00000   0.00924   0.00000   0.00000   0.05839   0.31754   0.00857   0.00000   0.00000   0.00626   0.00000   0.00627   0.09199   0.00077   0.04620   0.01304   0.36849   0.14337   0.14332   0.11858   0.07531   0.03478   0.05387   0.00672   0.00000   0.00000   0.00000   0.61667   0.12344   0.00630   0.00626   0.00626   0.00000   0.00000   2.19319   1.77643  -0.49214   0.04370  
 57 236.4783   3339.284952  x:  0.00000   0.01241   0.01553   0.06816   0.28261   0.40875   0.64081   0.30659   0.19354   0.29384   0.18302   0.00641   0.09316   0.00789   0.00000   0.12288   0.44190   0.28043   0.09246   0.03917   0.08714   0.00506   0.00000   0.00000   0.00227   0.00000   0.00000   0.05898   0.31945   0.01224   0.00000   0.00000   0.00507   0.00000   0.00473   0.09102   0.00277   0.05785   0.01309   0.37573   0.14327   0.14313   0.11871   0.07633   0.03422   0.05334   0.00863   0.00000   0.00000   0.00000   0.58532   0.12313   0.00665   0.00567   0.00479   0.00000   0.00000   2.19548   1.77686  -0.49255   0.04498  
 58 609.5063   3331.317377  x:  0.00000   0.01860   0.02082   0.06359   0.28320   0.41497   0.67073   0.32282   0.19571   0.29682   0.18903   0.01583   0.09336   0.01467   0.00000   0.12318   0.45372   0.27841   0.09725   0.04085   0.09904   0.00087   0.00000   0.00000   0.00935   0.00000   0.00000   0.06079   0.32688   0.00215   0.00000   0.00000   0.00234   0.00000   0.00196   0.08761   0.00889   0.07666   0.01115   0.40507   0.14287   0.14244   0.11930   0.08004   0.03212   0.05180   0.01935   0.00000   0.00000   0.00000   0.45613   0.12217   0.00815   0.00383   0.00200   0.00000   0.00000   2.20486   1.77855  -0.49411   0.04522  
 59 750.0012   3329.352699  x:  0.00000   0.01991   0.02204   0.06262   0.28333   0.41631   0.67721   0.32633   0.19617   0.29746   0.19030   0.01780   0.09340   0.01613   0.00000   0.12324   0.45628   0.27796   0.09826   0.04119   0.10155   0.00223   0.00000   0.00000   0.01008   0.00000   0.00000   0.06117   0.32848   0.00000   0.00000   0.00000   0.00225   0.00000   0.00202   0.08689   0.00997   0.08016   0.01074   0.41142   0.14278   0.14229   0.11943   0.08082   0.03167   0.05149   0.02174   0.00000   0.00000   0.00000   0.42810   0.12197   0.00844   0.00360   0.00204   0.00000   0.00000   2.20690   1.77891  -0.49444   0.04531  
 60 12451.9057   3313.099196  x:  0.00000   0.03474   0.03964   0.05262   0.28465   0.43074   0.74738   0.36429   0.20087   0.30417   0.20305   0.03718   0.09359   0.03279   0.00000   0.12375   0.48387   0.27309   0.10858   0.04412   0.12688   0.00157   0.00000   0.00000   0.01470   0.00000   0.00000   0.06466   0.34569   0.00044   0.00000   0.00000   0.01053   0.00000   0.01240   0.07966   0.01481   0.09895   0.00623   0.47997   0.14187   0.14072   0.12088   0.08882   0.02690   0.04884   0.05070   0.00000   0.00000   0.00000   0.12322   0.12014   0.01096   0.00478   0.01220   0.00000   0.00000   2.22895   1.78272  -0.49796   0.04268  
 61 6763.7666   3310.566966  x:  0.00000   0.03547   0.04157   0.05144   0.28485   0.43306   0.75911   0.37057   0.20149   0.30517   0.20459   0.03933   0.09351   0.03329   0.00000   0.12376   0.48842   0.27222   0.10978   0.04415   0.13000   0.00403   0.00000   0.00000   0.01628   0.00000   0.00000   0.06487   0.34852   0.00416   0.00000   0.00000   0.00807   0.00000   0.00923   0.07897   0.01461   0.09789   0.00875   0.49129   0.14174   0.14054   0.12126   0.08963   0.02616   0.04948   0.05324   0.00000   0.00000   0.00000   0.07249   0.12012   0.01000   0.00539   0.00913   0.00000   0.00000   2.23267   1.78333  -0.49852   0.04193  
 62 2159.8374   3309.236457  x:  0.00000   0.03228   0.03938   0.05147   0.28492   0.43421   0.76547   0.37388   0.20161   0.30555   0.20466   0.03915   0.09333   0.02860   0.00000   0.12366   0.49077   0.27167   0.10977   0.04356   0.13027   0.00243   0.00000   0.00000   0.01436   0.00000   0.00000   0.06452   0.34998   0.00148   0.00000   0.00000   0.00865   0.00000   0.00953   0.07928   0.01398   0.09590   0.00938   0.49723   0.14172   0.14058   0.12174   0.08920   0.02584   0.05182   0.04862   0.00000   0.00000   0.00000   0.04839   0.12050   0.00769   0.00647   0.00940   0.00000   0.00000   2.23474   1.78367  -0.49883   0.04287  
 63 456.0327   3309.076424  x:  0.00000   0.03178   0.03901   0.05146   0.28494   0.43451   0.76724   0.37479   0.20163   0.30564   0.20466   0.03908   0.09328   0.02775   0.00000   0.12362   0.49141   0.27151   0.10976   0.04341   0.13031   0.00253   0.00000   0.00000   0.01426   0.00000   0.00000   0.06444   0.35038   0.00173   0.00000   0.00000   0.00844   0.00000   0.00939   0.07935   0.01380   0.09532   0.00727   0.49888   0.14172   0.14061   0.12199   0.08890   0.02584   0.05290   0.04772   0.00000   0.00000   0.00000   0.04587   0.12059   0.00878   0.00453   0.00926   0.00000   0.00000   2.23533   1.78382  -0.49898   0.04288  
 64 100.8941   3308.815402  x:  0.00000   0.03178   0.03880   0.05106   0.28501   0.43601   0.77596   0.37923   0.20179   0.30613   0.20498   0.03936   0.09310   0.02669   0.00000   0.12350   0.49456   0.27068   0.11008   0.04299   0.13116   0.00254   0.00000   0.00000   0.01406   0.00000   0.00000   0.06436   0.35230   0.00172   0.00000   0.00000   0.00769   0.00000   0.00925   0.07929   0.01360   0.09465   0.00638   0.50701   0.14168   0.14079   0.12338   0.08734   0.02603   0.05771   0.04644   0.00000   0.00000   0.00000   0.04422   0.12080   0.01459   0.00719   0.00914   0.00000   0.00000   2.23827   1.78476  -0.49988   0.04288  
 65 60.7488   3308.397979  x:  0.00000   0.03230   0.03888   0.05031   0.28513   0.43864   0.79138   0.38708   0.20209   0.30701   0.20559   0.03999   0.09283   0.02565   0.00000   0.12331   0.50011   0.26923   0.11071   0.04236   0.13274   0.00225   0.00000   0.00000   0.01377   0.00000   0.00000   0.06431   0.35570   0.00136   0.00000   0.00000   0.00820   0.00000   0.00978   0.07910   0.01339   0.09381   0.01072   0.52138   0.14163   0.14105   0.12584   0.08469   0.02644   0.06443   0.04496   0.00000   0.00000   0.00000   0.04326   0.12116   0.01948   0.00490   0.00968   0.00000   0.00000   2.24348   1.78642  -0.50147   0.04279  
 66 222.7554   3305.198975  x:  0.00000   0.03757   0.04113   0.04544   0.28612   0.45728   0.90214   0.44328   0.20420   0.31325   0.20996   0.04445   0.09141   0.02358   0.00000   0.12233   0.53970   0.25867   0.11529   0.03854   0.14355   0.00282   0.00000   0.00000   0.01260   0.00000   0.00000   0.06440   0.37998   0.00222   0.00000   0.00000   0.01221   0.00000   0.00684   0.07798   0.01185   0.08868   0.00736   0.62435   0.14172   0.14192   0.14284   0.06738   0.03004   0.09042   0.03913   0.00000   0.00000   0.00000   0.04590   0.12409   0.00527   0.00555   0.00673   0.00000   0.00000   2.28103   1.79803  -0.51262   0.04089  
 67 248.6708   3303.429950  x:  0.00000   0.03605   0.03965   0.04471   0.28666   0.46621   0.95830   0.47130   0.20489   0.31608   0.21088   0.04470   0.09123   0.02193   0.00000   0.12224   0.55915   0.25306   0.11657   0.03677   0.14606   0.00250   0.00000   0.00000   0.01174   0.00000   0.00000   0.06425   0.39193   0.00234   0.00000   0.00000   0.00328   0.00000   0.00988   0.07872   0.01096   0.08430   0.00739   0.67593   0.14249   0.14065   0.14970   0.06261   0.03238   0.08403   0.03466   0.00000   0.00000   0.00000   0.04793   0.12657   0.00414   0.00527   0.01010   0.00000   0.00000   2.30035   1.80345  -0.51780   0.04028  
 68 384.6038   3298.887052  x:  0.00000   0.02692   0.03189   0.04387   0.28841   0.49493   1.14283   0.56281   0.20674   0.32498   0.21246   0.04322   0.09116   0.01622   0.00000   0.12232   0.62229   0.23433   0.11954   0.03125   0.15091   0.00213   0.00000   0.00000   0.00929   0.00000   0.00000   0.06353   0.43075   0.00176   0.00000   0.00000   0.00656   0.00000   0.00639   0.08229   0.00822   0.06870   0.00813   0.84470   0.14586   0.13465   0.17010   0.05150   0.03986   0.04629   0.01892   0.00000   0.00000   0.00000   0.05486   0.13555   0.01188   0.00527   0.00729   0.00000   0.00000   2.36418   1.82080  -0.53436   0.03878  
 69 1353.9317   3297.742486  x:  0.00000   0.01941   0.02726   0.04520   0.28844   0.50014   1.18984   0.58410   0.20583   0.32562   0.20823   0.03599   0.09245   0.01864   0.00000   0.12318   0.63564   0.22851   0.11670   0.03230   0.14120   0.00215   0.00000   0.00000   0.01008   0.00000   0.00000   0.06313   0.43867   0.00170   0.00000   0.00000   0.00677   0.00000   0.01065   0.08355   0.00872   0.06720   0.00806   0.88552   0.14939   0.12729   0.16625   0.06817   0.03733   0.04660   0.02149   0.00000   0.00000   0.00000   0.05691   0.13754   0.01157   0.00528   0.00300   0.00000   0.00000   2.38162   1.82429  -0.53767   0.03820  
 70 160.5575   3296.744044  x:  0.00000   0.01256   0.02273   0.04664   0.28836   0.50516   1.23807   0.60563   0.20473   0.32606   0.20337   0.02781   0.09388   0.02086   0.00000   0.12412   0.64892   0.22240   0.11330   0.03370   0.12986   0.00223   0.00000   0.00000   0.01090   0.00000   0.00000   0.06269   0.44651   0.00160   0.00000   0.00000   0.00708   0.00000   0.00675   0.08484   0.00922   0.06609   0.00795   0.92706   0.15336   0.11924   0.16118   0.08606   0.03374   0.04751   0.02429   0.00000   0.00000   0.00000   0.05897   0.13946   0.01109   0.00529   0.00703   0.00000   0.00000   2.39969   1.82774  -0.54093   0.03759  
 71 1115.7063   3295.915640  x:  0.00000   0.02421   0.02455   0.04783   0.28763   0.50805   1.28082   0.62322   0.20315   0.32548   0.19739   0.01838   0.09530   0.01567   0.00000   0.12504   0.65863   0.21633   0.10837   0.03630   0.11454   0.00215   0.00000   0.00000   0.00954   0.00000   0.00000   0.06213   0.45207   0.00164   0.00000   0.00000   0.00693   0.00000   0.00543   0.08571   0.00798   0.06706   0.00788   0.96219   0.15832   0.11156   0.15241   0.10065   0.02605   0.04627   0.02025   0.00000   0.00000   0.00000   0.06036   0.14027   0.01107   0.00523   0.00751   0.00000   0.00000   2.41655   1.83017  -0.54321   0.03690  
 72 223.4685   3295.643918  x:  0.00000   0.01995   0.03288   0.04628   0.28559   0.50620   1.29679   0.62692   0.20228   0.32396   0.19561   0.01767   0.09563   0.01492   0.00000   0.12524   0.65828   0.21301   0.10494   0.04028   0.10612   0.00211   0.00000   0.00000   0.00873   0.00000   0.00000   0.06247   0.45138   0.00168   0.00000   0.00000   0.00676   0.00000   0.00536   0.08407   0.00749   0.06910   0.00789   0.97219   0.16218   0.11285   0.14458   0.09795   0.02220   0.04560   0.01904   0.00000   0.00000   0.00000   0.06071   0.13774   0.01119   0.00520   0.00713   0.00000   0.00000   2.42435   1.83025  -0.54326   0.03676  
 73 46.4949   3295.162560  x:  0.00000   0.02089   0.02710   0.04510   0.27854   0.49794   1.32842   0.62977   0.20027   0.31903   0.19257   0.01990   0.09580   0.01756   0.00000   0.12532   0.65138   0.20504   0.09580   0.04971   0.09070   0.00216   0.00000   0.00000   0.00949   0.00000   0.00000   0.06268   0.44579   0.00173   0.00000   0.00000   0.00689   0.00000   0.00595   0.08166   0.00775   0.06931   0.00789   0.98706   0.17240   0.12239   0.12573   0.08812   0.02821   0.04540   0.02073   0.00000   0.00000   0.00000   0.06035   0.13160   0.01119   0.00522   0.00705   0.00000   0.00000   2.44218   1.82948  -0.54248   0.03660  
 74 50.4939   3294.590307  x:  0.00000   0.02048   0.02791   0.05758   0.26273   0.47850   1.37454   0.62682   0.19818   0.30970   0.18876   0.02593   0.09541   0.01114   0.00000   0.12504   0.63116   0.19382   0.08566   0.05842   0.10234   0.00219   0.00000   0.00000   0.00924   0.00000   0.00000   0.06200   0.43243   0.00191   0.00000   0.00000   0.00691   0.00000   0.00569   0.08759   0.00731   0.06840   0.00790   1.00078   0.18993   0.13838   0.10557   0.09034   0.02843   0.04561   0.02320   0.00000   0.00000   0.00000   0.06144   0.13083   0.01101   0.00521   0.00702   0.00000   0.00000   2.47191   1.82814  -0.54119   0.03667  
 75 37.9660   3294.291516  x:  0.00000   0.02104   0.02721   0.06041   0.25135   0.46512   1.40208   0.62342   0.19777   0.30406   0.18590   0.02690   0.09486   0.01882   0.00000   0.12469   0.61658   0.18894   0.08286   0.05996   0.10829   0.00218   0.00000   0.00000   0.00887   0.00000   0.00000   0.06077   0.42439   0.00202   0.00000   0.00000   0.00678   0.00000   0.00542   0.08760   0.00678   0.06687   0.00790   1.00679   0.19981   0.14702   0.10074   0.09307   0.02427   0.04573   0.01552   0.00000   0.00000   0.00000   0.06154   0.12848   0.01099   0.00517   0.00704   0.00000   0.00000   2.49042   1.82720  -0.54031   0.03688  
 76 77.3306   3293.547477  x:  0.00000   0.02115   0.02597   0.05209   0.21792   0.42754   1.47123   0.61117   0.20067   0.29120   0.17985   0.02458   0.09357   0.01364   0.00000   0.12390   0.57386   0.18446   0.08870   0.05453   0.11101   0.00214   0.00000   0.00000   0.00866   0.00000   0.00000   0.05889   0.40651   0.00203   0.00000   0.00000   0.00657   0.00000   0.00491   0.07703   0.00672   0.06531   0.00787   1.01638   0.22141   0.16287   0.11039   0.10183   0.02121   0.04419   0.01638   0.00000   0.00000   0.00000   0.06184   0.11648   0.01106   0.00513   0.00708   0.00000   0.00000   2.53851   1.82492  -0.53827   0.03709  
 77 66.4700   3292.622485  x:  0.00000   0.02104   0.02864   0.06116   0.17237   0.37451   1.56447   0.59162   0.21139   0.27788   0.17947   0.02432   0.09429   0.01537   0.00000   0.12431   0.51032   0.19155   0.10326   0.03984   0.09706   0.00220   0.00000   0.00000   0.00898   0.00000   0.00000   0.06392   0.39009   0.00204   0.00000   0.00000   0.00674   0.00000   0.00516   0.09079   0.00753   0.06785   0.00791   1.02374   0.24591   0.16003   0.12534   0.09715   0.02307   0.04576   0.01763   0.00000   0.00000   0.00000   0.06027   0.12101   0.01091   0.00517   0.00708   0.00000   0.00000   2.60417   1.82355  -0.53729   0.03710  
 78 81.8791   3292.089369  x:  0.00000   0.02042   0.02404   0.06077   0.15336   0.34473   1.61873   0.57934   0.22241   0.27365   0.18544   0.02695   0.09485   0.01410   0.00000   0.12478   0.47001   0.20543   0.10873   0.03903   0.10008   0.00221   0.00000   0.00000   0.00927   0.00000   0.00000   0.06287   0.38823   0.00203   0.00000   0.00000   0.00666   0.00000   0.00542   0.08296   0.00765   0.06497   0.00793   1.02481   0.25871   0.13876   0.12158   0.09024   0.01856   0.04635   0.01799   0.00000   0.00000   0.00000   0.06049   0.12530   0.01080   0.00514   0.00677   0.00000   0.00000   2.64201   1.82390  -0.53800   0.03734  
 79 65.2291   3291.865763  x:  0.00000   0.02017   0.02678   0.05821   0.14832   0.33194   1.64343   0.57370   0.22799   0.27218   0.18780   0.02585   0.09442   0.01437   0.00000   0.12455   0.45074   0.21346   0.10815   0.03960   0.10283   0.00217   0.00000   0.00000   0.00866   0.00000   0.00000   0.06160   0.38898   0.00205   0.00000   0.00000   0.00658   0.00000   0.00498   0.08053   0.00717   0.06454   0.00792   1.02428   0.26448   0.12899   0.11983   0.09045   0.02696   0.04705   0.01485   0.00000   0.00000   0.00000   0.06044   0.12608   0.01075   0.00510   0.00671   0.00000   0.00000   2.65910   1.82460  -0.53888   0.03745  
 80 94.9482   3291.592434  x:  0.00000   0.01985   0.02594   0.05022   0.15541   0.31967   1.67375   0.56720   0.23575   0.27125   0.18862   0.01691   0.09177   0.01450   0.00000   0.12282   0.42468   0.22680   0.09792   0.04139   0.10709   0.00220   0.00000   0.00000   0.00890   0.00000   0.00000   0.05998   0.39371   0.00204   0.00000   0.00000   0.00661   0.00000   0.00528   0.08812   0.00730   0.06516   0.00794   1.02049   0.27151   0.12450   0.12277   0.08643   0.02661   0.04719   0.01636   0.00000   0.00000   0.00000   0.05997   0.12471   0.01072   0.00511   0.00663   0.00000   0.00000   2.67942   1.82721  -0.54186   0.03729  
 81 35.7962   3291.334046  x:  0.00000   0.01993   0.02599   0.05463   0.17300   0.31236   1.70312   0.56225   0.24354   0.27088   0.19248   0.01394   0.09332   0.01448   0.00000   0.12346   0.39761   0.23900   0.09206   0.04892   0.10448   0.00222   0.00000   0.00000   0.00878   0.00000   0.00000   0.06302   0.39893   0.00207   0.00000   0.00000   0.00661   0.00000   0.00522   0.08298   0.00702   0.06503   0.00797   1.01335   0.27474   0.12994   0.13074   0.08710   0.02601   0.04764   0.01594   0.00000   0.00000   0.00000   0.05952   0.12970   0.01071   0.00512   0.00664   0.00000   0.00000   2.69832   1.83193  -0.54710   0.03721  
 82 31.2329   3291.124580  x:  0.00000   0.02003   0.02579   0.05210   0.19126   0.31300   1.72836   0.56199   0.24820   0.26981   0.19818   0.02066   0.09566   0.01361   0.00000   0.12526   0.37443   0.24185   0.09695   0.04693   0.10094   0.00221   0.00000   0.00000   0.00854   0.00000   0.00000   0.05544   0.39905   0.00207   0.00000   0.00000   0.00652   0.00000   0.00491   0.08672   0.00684   0.06353   0.00798   1.00230   0.26402   0.13417   0.12847   0.09072   0.02453   0.04787   0.01441   0.00000   0.00000   0.00000   0.05983   0.12809   0.01064   0.00509   0.00664   0.00000   0.00000   2.71300   1.83699  -0.55287   0.03731  
 83 18.9351   3290.607067  x:  0.00000   0.01959   0.02490   0.05058   0.23209   0.32103   1.79094   0.56689   0.25352   0.26345   0.19801   0.01619   0.09127   0.01277   0.00000   0.12342   0.31932   0.23901   0.10940   0.03180   0.10142   0.00218   0.00000   0.00000   0.00837   0.00000   0.00000   0.06747   0.39370   0.00199   0.00000   0.00000   0.00638   0.00000   0.00463   0.08581   0.00703   0.06174   0.00796   0.96865   0.22002   0.13864   0.11466   0.09066   0.02424   0.04824   0.01269   0.00000   0.00000   0.00000   0.05977   0.12504   0.01052   0.00503   0.00644   0.00000   0.00000   2.74721   1.84960  -0.56757   0.03741  
 84 40.6018   3290.363012  x:  0.00000   0.01919   0.02530   0.05516   0.24504   0.32534   1.81944   0.57169   0.25338   0.25915   0.19345   0.00831   0.09055   0.01327   0.00000   0.12232   0.29721   0.23477   0.11096   0.03098   0.10181   0.00221   0.00000   0.00000   0.00858   0.00000   0.00000   0.05828   0.39000   0.00199   0.00000   0.00000   0.00643   0.00000   0.00488   0.08261   0.00732   0.06316   0.00798   0.95002   0.19545   0.13794   0.11406   0.08634   0.02518   0.04854   0.01407   0.00000   0.00000   0.00000   0.05907   0.12671   0.01048   0.00503   0.00635   0.00000   0.00000   2.76141   1.85536  -0.57447   0.03730  
 85 45.6577   3290.059783  x:  0.00000   0.01897   0.02444   0.05330   0.25139   0.33057   1.85552   0.58280   0.25100   0.25335   0.19098   0.01028   0.09492   0.01269   0.00000   0.12313   0.27646   0.22591   0.10312   0.04556   0.10172   0.00223   0.00000   0.00000   0.00835   0.00000   0.00000   0.06055   0.38427   0.00212   0.00000   0.00000   0.00635   0.00000   0.00476   0.08577   0.00676   0.06214   0.00801   0.91963   0.16190   0.13026   0.12292   0.08551   0.02480   0.04912   0.01293   0.00000   0.00000   0.00000   0.05853   0.12448   0.01041   0.00499   0.00623   0.00000   0.00000   2.77636   1.86342  -0.58435   0.03747  
 86 30.4085   3289.903517  x:  0.00000   0.01893   0.02462   0.05381   0.25396   0.33234   1.87286   0.59142   0.24933   0.25156   0.19140   0.01612   0.09236   0.01242   0.00000   0.12219   0.27174   0.22137   0.09143   0.04139   0.09982   0.00225   0.00000   0.00000   0.00833   0.00000   0.00000   0.06017   0.38190   0.00214   0.00000   0.00000   0.00634   0.00000   0.00473   0.08351   0.00672   0.06205   0.00803   0.90087   0.15294   0.12615   0.12736   0.08564   0.02442   0.04938   0.01291   0.00000   0.00000   0.00000   0.05827   0.12513   0.01037   0.00498   0.00622   0.00000   0.00000   2.78160   1.86789  -0.58999   0.03747  
 87 24.7457   3289.208775  x:  0.00000   0.01824   0.02341   0.05120   0.26730   0.33526   1.94459   0.64324   0.23817   0.24852   0.18295   0.02274   0.07373   0.01138   0.00000   0.11628   0.27949   0.20784   0.09597   0.04662   0.09678   0.00229   0.00000   0.00000   0.00802   0.00000   0.00000   0.05834   0.37872   0.00220   0.00000   0.00000   0.00618   0.00000   0.00454   0.08418   0.00627   0.06007   0.00811   0.80225   0.16234   0.11462   0.13479   0.08188   0.02504   0.05120   0.01102   0.00000   0.00000   0.00000   0.05725   0.12904   0.01019   0.00492   0.00592   0.00000   0.00000   2.79251   1.89152  -0.62005   0.03722  
 88 20.5426   3288.643086  x:  0.00000   0.01750   0.02264   0.04797   0.27445   0.33722   2.00430   0.68769   0.22954   0.24763   0.17517   0.02055   0.09178   0.01075   0.00000   0.12205   0.28971   0.20054   0.09646   0.04025   0.09837   0.00233   0.00000   0.00000   0.00786   0.00000   0.00000   0.05896   0.37979   0.00219   0.00000   0.00000   0.00608   0.00000   0.00448   0.08338   0.00616   0.05867   0.00819   0.71823   0.17242   0.10994   0.13561   0.07569   0.02646   0.05311   0.00989   0.00000   0.00000   0.00000   0.05628   0.13077   0.01003   0.00489   0.00561   0.00000   0.00000   2.79910   1.91224  -0.64662   0.03693  
 89 83.7674   3288.236849  x:  0.00000   0.01718   0.02205   0.05239   0.25189   0.33943   2.03624   0.70927   0.23576   0.25831   0.18492   0.01214   0.09102   0.00962   0.00000   0.11536   0.30083   0.21611   0.09496   0.03960   0.09587   0.00233   0.00000   0.00000   0.00748   0.00000   0.00000   0.05795   0.39756   0.00213   0.00000   0.00000   0.00594   0.00000   0.00415   0.08368   0.00577   0.05699   0.00824   0.67568   0.16176   0.12816   0.12469   0.07916   0.02418   0.05351   0.00815   0.00000   0.00000   0.00000   0.05667   0.12558   0.00993   0.00485   0.00551   0.00000   0.00000   2.79280   1.92525  -0.66509   0.03665  
 90 14.5624   3288.054612  x:  0.00000   0.01685   0.02161   0.05742   0.24659   0.34433   2.04035   0.70458   0.23834   0.25997   0.18375   0.01008   0.08429   0.00918   0.00000   0.13269   0.30199   0.21709   0.09410   0.03904   0.09557   0.00234   0.00000   0.00000   0.00736   0.00000   0.00000   0.05776   0.40077   0.00215   0.00000   0.00000   0.00588   0.00000   0.00407   0.08384   0.00561   0.05607   0.00828   0.67773   0.16289   0.12870   0.12464   0.07782   0.02411   0.05413   0.00733   0.00000   0.00000   0.00000   0.05666   0.11770   0.00987   0.00484   0.00539   0.00000   0.00000   2.78015   1.92855  -0.67235   0.03655  
 91  5.3986   3287.030681  x:  0.00000   0.01516   0.01927   0.06329   0.23433   0.37168   2.04198   0.65709   0.24103   0.25357   0.17683   0.00891   0.08914   0.00655   0.00000   0.11870   0.30068   0.20500   0.09274   0.03669   0.09149   0.00244   0.00000   0.00000   0.00674   0.00000   0.00000   0.05632   0.40304   0.00238   0.00000   0.00000   0.00556   0.00000   0.00362   0.08440   0.00485   0.05114   0.00854   0.72466   0.18044   0.12109   0.13056   0.07101   0.02486   0.05723   0.00309   0.00000   0.00000   0.00000   0.05659   0.10891   0.00955   0.00478   0.00477   0.00000   0.00000   2.70362   1.93807  -0.70358   0.03610  
 92 12.4339   3286.890058  x:  0.00000   0.01496   0.01901   0.05362   0.23151   0.37165   2.04112   0.64881   0.23711   0.25132   0.17721   0.00778   0.08721   0.00599   0.00000   0.12306   0.30147   0.20222   0.09201   0.03669   0.09067   0.00245   0.00000   0.00000   0.00664   0.00000   0.00000   0.05614   0.40413   0.00242   0.00000   0.00000   0.00551   0.00000   0.00353   0.08434   0.00472   0.05045   0.00858   0.73309   0.17991   0.12418   0.12944   0.07075   0.02499   0.05777   0.00259   0.00000   0.00000   0.00000   0.05664   0.12445   0.00950   0.00477   0.00470   0.00000   0.00000   2.69168   1.93955  -0.70890   0.03605  
 93 13.2543   3286.595808  x:  0.00000   0.01439   0.01841   0.05513   0.24363   0.32817   2.03350   0.62985   0.20235   0.25094   0.18409   0.00615   0.08630   0.00524   0.00000   0.12285   0.31695   0.19337   0.09317   0.03466   0.08935   0.00254   0.00000   0.00000   0.00665   0.00000   0.00000   0.05595   0.42246   0.00250   0.00000   0.00000   0.00547   0.00000   0.00349   0.08432   0.00468   0.04867   0.00873   0.75119   0.16697   0.12305   0.12999   0.06861   0.02519   0.05895   0.00305   0.00000   0.00000   0.00000   0.05649   0.12117   0.00929   0.00478   0.00458   0.00000   0.00000   2.67303   1.94538  -0.72683   0.03611  
 94  3.3771   3286.326458  x:  0.00000   0.01388   0.01790   0.05345   0.25410   0.28785   2.02458   0.61430   0.20729   0.26984   0.16571   0.01217   0.08694   0.00445   0.00000   0.12092   0.33381   0.18009   0.09312   0.03413   0.08786   0.00264   0.00000   0.00000   0.00667   0.00000   0.00000   0.05561   0.43030   0.00264   0.00000   0.00000   0.00544   0.00000   0.00344   0.08423   0.00458   0.04686   0.00888   0.76689   0.15370   0.12374   0.12947   0.06683   0.02533   0.06012   0.00357   0.00000   0.00000   0.00000   0.05648   0.12345   0.00908   0.00480   0.00449   0.00000   0.00000   2.65733   1.95102  -0.74493   0.03612  
 95 12.1173   3286.111861  x:  0.00000   0.01332   0.01735   0.05241   0.25698   0.28296   2.01473   0.60927   0.22951   0.26215   0.18412   0.00000   0.08687   0.00388   0.00000   0.12107   0.34724   0.17192   0.09150   0.03515   0.08666   0.00274   0.00000   0.00000   0.00672   0.00000   0.00000   0.05543   0.41264   0.00288   0.00000   0.00000   0.00540   0.00000   0.00340   0.08436   0.00448   0.04539   0.00904   0.77654   0.15404   0.12256   0.13020   0.06520   0.02573   0.06112   0.00413   0.00000   0.00000   0.00000   0.05668   0.12487   0.00891   0.00482   0.00439   0.00000   0.00000   2.65019   1.95306  -0.75934   0.03602  
 96  4.2431   3285.785153  x:  0.00000   0.01262   0.01676   0.05083   0.24810   0.31031   1.99806   0.60504   0.24018   0.22811   0.17108   0.00642   0.08664   0.00323   0.00000   0.12012   0.35799   0.20211   0.09014   0.03493   0.08493   0.00290   0.00000   0.00000   0.00685   0.00000   0.00000   0.05501   0.39621   0.00317   0.00000   0.00000   0.00539   0.00000   0.00338   0.08455   0.00445   0.04274   0.00931   0.78999   0.15888   0.12487   0.12931   0.06345   0.02601   0.06254   0.00522   0.00000   0.00000   0.00000   0.05726   0.12766   0.00863   0.00488   0.00431   0.00000   0.00000   2.64573   1.95133  -0.77934   0.03579  
 97  5.7075   3285.502723  x:  0.00000   0.01201   0.01635   0.04835   0.23108   0.35820   1.97864   0.60328   0.21829   0.26520   0.17284   0.00419   0.08744   0.00324   0.00000   0.11909   0.34339   0.20993   0.08810   0.03610   0.08391   0.00307   0.00000   0.00000   0.00702   0.00000   0.00000   0.05487   0.38268   0.00350   0.00000   0.00000   0.00539   0.00000   0.00348   0.08498   0.00446   0.04041   0.00961   0.80037   0.17637   0.12460   0.13169   0.06104   0.02676   0.06444   0.00619   0.00000   0.00000   0.00000   0.05799   0.13202   0.00836   0.00496   0.00425   0.00000   0.00000   2.64980   1.93972  -0.79102   0.03554  
 98  4.6963   3285.146369  x:  0.00000   0.01149   0.01627   0.04791   0.22188   0.36971   1.92634   0.63089   0.23209   0.25154   0.17280   0.00465   0.08792   0.00493   0.00000   0.11909   0.32321   0.17797   0.08899   0.03545   0.08357   0.00331   0.00000   0.00000   0.00725   0.00000   0.00000   0.05520   0.43369   0.00376   0.00000   0.00000   0.00541   0.00000   0.00393   0.08602   0.00455   0.03688   0.01012   0.81537   0.18850   0.12670   0.13479   0.05872   0.02768   0.06772   0.00673   0.00000   0.00000   0.00000   0.05981   0.13503   0.00794   0.00511   0.00428   0.00000   0.00000   2.65934   1.89423  -0.78625   0.03547  
 99  2.1848   3284.904415  x:  0.00000   0.01120   0.01633   0.04950   0.23828   0.34008   1.88856   0.65529   0.22711   0.25788   0.17328   0.00459   0.08857   0.00637   0.00000   0.11925   0.34070   0.21221   0.08789   0.03688   0.08336   0.00349   0.00000   0.00000   0.00735   0.00000   0.00000   0.05529   0.39206   0.00421   0.00000   0.00000   0.00537   0.00000   0.00428   0.08668   0.00445   0.03488   0.01048   0.83826   0.17583   0.12775   0.13623   0.05746   0.02830   0.06967   0.00616   0.00000   0.00000   0.00000   0.06123   0.13434   0.00762   0.00521   0.00429   0.00000   0.00000   2.66465   1.86113  -0.78578   0.03540  
100  2.8423   3284.744872  x:  0.00000   0.01134   0.01698   0.04887   0.23502   0.34245   1.88695   0.58969   0.22483   0.25389   0.17140   0.00458   0.08722   0.00734   0.00000   0.11696   0.37586   0.20763   0.08671   0.03624   0.08203   0.00361   0.00000   0.00000   0.00732   0.00000   0.00000   0.05452   0.38466   0.00444   0.00000   0.00000   0.00525   0.00000   0.00491   0.08594   0.00447   0.03427   0.01063   0.82964   0.17210   0.12662   0.13376   0.05780   0.02801   0.06895   0.00614   0.00000   0.00000   0.00000   0.06055   0.13198   0.00701   0.00525   0.00444   0.00000   0.00000   2.65790   1.90388  -0.85922   0.03523  
101  1.0432   3284.394821  x:  0.00000   0.01289   0.01977   0.05387   0.23151   0.32664   1.81663   0.61486   0.22174   0.25473   0.17403   0.00717   0.08702   0.00599   0.00000   0.11572   0.33965   0.20278   0.08734   0.03707   0.08356   0.00401   0.00000   0.00000   0.00694   0.00000   0.00000   0.05500   0.38975   0.00517   0.00000   0.00000   0.00511   0.00000   0.00652   0.08708   0.00452   0.03462   0.01145   0.81873   0.17913   0.12868   0.13673   0.06194   0.02873   0.07120   0.00585   0.00000   0.00000   0.00000   0.06390   0.12615   0.00544   0.00559   0.00504   0.00000   0.00000   2.59474   1.83738  -0.91328   0.03500  
102  0.4233   3284.326943  x:  0.00000   0.01305   0.01996   0.05509   0.23990   0.33842   1.77403   0.58292   0.22133   0.25835   0.17529   0.00763   0.08733   0.00573   0.00000   0.11627   0.37776   0.19956   0.08833   0.03745   0.08455   0.00416   0.00000   0.00000   0.00688   0.00000   0.00000   0.05542   0.39877   0.00533   0.00000   0.00000   0.00519   0.00000   0.00656   0.08771   0.00464   0.03513   0.01169   0.80661   0.17452   0.12814   0.13936   0.06171   0.02933   0.07232   0.00572   0.00000   0.00000   0.00000   0.06484   0.12595   0.00524   0.00570   0.00518   0.00000   0.00000   2.65130   1.79965  -0.90176   0.03523  
103  0.8062   3284.226772  x:  0.00000   0.01256   0.01894   0.05554   0.23413   0.33092   1.67134   0.59515   0.21730   0.25727   0.17293   0.00740   0.08657   0.00579   0.00000   0.11498   0.36865   0.19822   0.08623   0.03822   0.08334   0.00449   0.00000   0.00000   0.00675   0.00000   0.00000   0.05472   0.39621   0.00574   0.00000   0.00000   0.00531   0.00000   0.00607   0.08761   0.00476   0.03647   0.01194   0.80659   0.17663   0.12564   0.13875   0.06029   0.02955   0.07139   0.00556   0.00000   0.00000   0.00000   0.06421   0.12349   0.00509   0.00586   0.00540   0.00000   0.00000   2.69049   1.82488  -0.95366   0.03580  
104  0.5099   3284.102902  x:  0.00000   0.01206   0.01777   0.05691   0.23965   0.32837   1.63697   0.55619   0.21686   0.25615   0.17290   0.00714   0.08618   0.00641   0.00000   0.11505   0.37268   0.20054   0.08640   0.03860   0.08340   0.00498   0.00000   0.00000   0.00678   0.00000   0.00000   0.05490   0.39071   0.00637   0.00000   0.00000   0.00557   0.00000   0.00526   0.08835   0.00524   0.03856   0.01242   0.76622   0.17229   0.12515   0.13943   0.05921   0.03025   0.07173   0.00575   0.00000   0.00000   0.00000   0.06508   0.12319   0.00541   0.00612   0.00575   0.00000   0.00000   2.61977   1.79825  -0.96074   0.03620  
105  0.5780   3284.043038  x:  0.00000   0.01172   0.01756   0.05629   0.24215   0.33026   1.59402   0.55223   0.21568   0.25767   0.17288   0.00609   0.08635   0.00590   0.00000   0.11583   0.37222   0.20120   0.08656   0.03811   0.08324   0.00526   0.00000   0.00000   0.00648   0.00000   0.00000   0.05496   0.39074   0.00675   0.00000   0.00000   0.00550   0.00000   0.00581   0.08810   0.00530   0.03592   0.01254   0.73947   0.16780   0.12425   0.13811   0.06038   0.02984   0.07073   0.00563   0.00000   0.00000   0.00000   0.06513   0.12365   0.00631   0.00602   0.00593   0.00000   0.00000   2.61549   1.81550  -0.94633   0.03686  
106  0.0767   3284.024375  x:  0.00000   0.01168   0.01772   0.05517   0.24222   0.33290   1.58159   0.55000   0.21579   0.25827   0.17273   0.00552   0.08680   0.00586   0.00000   0.11623   0.37373   0.20356   0.08634   0.03782   0.08275   0.00539   0.00000   0.00000   0.00627   0.00000   0.00000   0.05489   0.38807   0.00689   0.00000   0.00000   0.00591   0.00000   0.00578   0.08791   0.00526   0.03553   0.01236   0.73177   0.16667   0.12422   0.13693   0.06041   0.02946   0.06953   0.00569   0.00000   0.00000   0.00000   0.06451   0.12527   0.00562   0.00595   0.00589   0.00000   0.00000   2.60900   1.82738  -0.93162   0.03684  
107  0.0417   3284.018790  x:  0.00000   0.01195   0.01788   0.05455   0.24124   0.33417   1.57689   0.54956   0.21600   0.25851   0.17279   0.00561   0.08712   0.00586   0.00000   0.11622   0.37605   0.20503   0.08609   0.03795   0.08261   0.00547   0.00000   0.00000   0.00617   0.00000   0.00000   0.05484   0.38629   0.00698   0.00000   0.00000   0.00593   0.00000   0.00588   0.08772   0.00519   0.03619   0.01222   0.73448   0.16754   0.12483   0.13632   0.06044   0.02918   0.06939   0.00572   0.00000   0.00000   0.00000   0.06419   0.12596   0.00590   0.00588   0.00588   0.00000   0.00000   2.61028   1.83042  -0.92438   0.03667  
108  0.0165   3284.015179  x:  0.00000   0.01182   0.01767   0.05486   0.24034   0.33265   1.58291   0.54743   0.21584   0.25794   0.17274   0.00619   0.08712   0.00584   0.00000   0.11573   0.37670   0.20515   0.08583   0.03839   0.08275   0.00564   0.00000   0.00000   0.00611   0.00000   0.00000   0.05480   0.38506   0.00712   0.00000   0.00000   0.00591   0.00000   0.00592   0.08758   0.00509   0.03604   0.01191   0.73780   0.16902   0.12547   0.13593   0.06051   0.02900   0.06916   0.00565   0.00000   0.00000   0.00000   0.06382   0.12518   0.00583   0.00587   0.00585   0.00000   0.00000   2.61138   1.82757  -0.92892   0.03669  
109  0.0060   3284.013011  x:  0.00000   0.01188   0.01789   0.05501   0.24122   0.33350   1.58784   0.55033   0.21591   0.25795   0.17246   0.00571   0.08697   0.00585   0.00000   0.11590   0.37574   0.20456   0.08598   0.03832   0.08271   0.00584   0.00000   0.00000   0.00613   0.00000   0.00000   0.05485   0.38641   0.00725   0.00000   0.00000   0.00591   0.00000   0.00586   0.08768   0.00503   0.03610   0.01175   0.73906   0.16814   0.12522   0.13628   0.06053   0.02909   0.06944   0.00566   0.00000   0.00000   0.00000   0.06390   0.12514   0.00585   0.00590   0.00588   0.00000   0.00000   2.61109   1.82614  -0.92946   0.03670  
110  0.0045   3284.012142  x:  0.00000   0.01189   0.01767   0.05491   0.24131   0.33346   1.58907   0.55179   0.21610   0.25807   0.17281   0.00585   0.08690   0.00585   0.00000   0.11614   0.37501   0.20427   0.08598   0.03826   0.08275   0.00593   0.00000   0.00000   0.00615   0.00000   0.00000   0.05486   0.38714   0.00727   0.00000   0.00000   0.00591   0.00000   0.00591   0.08775   0.00500   0.03612   0.01176   0.73848   0.16789   0.12492   0.13656   0.06040   0.02927   0.06956   0.00568   0.00000   0.00000   0.00000   0.06403   0.12543   0.00584   0.00591   0.00591   0.00000   0.00000   2.61193   1.82766  -0.92726   0.03664  
111  0.0035   3284.011559  x:  0.00000   0.01174   0.01784   0.05477   0.24082   0.33288   1.58859   0.55124   0.21627   0.25811   0.17294   0.00593   0.08699   0.00585   0.00000   0.11612   0.37512   0.20436   0.08585   0.03833   0.08277   0.00600   0.00000   0.00000   0.00616   0.00000   0.00000   0.05484   0.38694   0.00724   0.00000   0.00000   0.00592   0.00000   0.00593   0.08777   0.00498   0.03615   0.01184   0.73877   0.16840   0.12492   0.13668   0.06032   0.02928   0.06964   0.00570   0.00000   0.00000   0.00000   0.06410   0.12564   0.00585   0.00591   0.00592   0.00000   0.00000   2.61293   1.82856  -0.92539   0.03665  
112  0.0020   3284.010863  x:  0.00000   0.01190   0.01777   0.05473   0.24052   0.33267   1.58855   0.55031   0.21630   0.25814   0.17277   0.00583   0.08713   0.00588   0.00000   0.11595   0.37563   0.20458   0.08582   0.03835   0.08276   0.00609   0.00000   0.00000   0.00618   0.00000   0.00000   0.05482   0.38641   0.00715   0.00000   0.00000   0.00594   0.00000   0.00594   0.08775   0.00497   0.03609   0.01196   0.73965   0.16877   0.12505   0.13661   0.06049   0.02923   0.06961   0.00571   0.00000   0.00000   0.00000   0.06409   0.12570   0.00583   0.00590   0.00594   0.00000   0.00000   2.61324   1.82842  -0.92511   0.03669  
113  0.0015   3284.010297  x:  0.00000   0.01183   0.01776   0.05492   0.24120   0.33340   1.58980   0.55107   0.21609   0.25813   0.17265   0.00581   0.08707   0.00586   0.00000   0.11593   0.37534   0.20447   0.08615   0.03816   0.08273   0.00614   0.00000   0.00000   0.00618   0.00000   0.00000   0.05487   0.38658   0.00701   0.00000   0.00000   0.00592   0.00000   0.00594   0.08769   0.00499   0.03612   0.01200   0.73924   0.16809   0.12510   0.13635   0.06041   0.02916   0.06941   0.00569   0.00000   0.00000   0.00000   0.06399   0.12536   0.00583   0.00590   0.00592   0.00000   0.00000   2.61185   1.82733  -0.92715   0.03665  
114  0.0025   3284.009991  x:  0.00000   0.01187   0.01778   0.05490   0.24111   0.33329   1.58782   0.55061   0.21606   0.25797   0.17283   0.00592   0.08689   0.00585   0.00000   0.11614   0.37526   0.20452   0.08611   0.03805   0.08273   0.00615   0.00000   0.00000   0.00616   0.00000   0.00000   0.05486   0.38663   0.00688   0.00000   0.00000   0.00592   0.00000   0.00590   0.08771   0.00505   0.03613   0.01193   0.73832   0.16815   0.12509   0.13640   0.06043   0.02917   0.06947   0.00568   0.00000   0.00000   0.00000   0.06401   0.12534   0.00584   0.00590   0.00591   0.00000   0.00000   2.61174   1.82798  -0.92649   0.03668  
115  0.0014   3284.009919  x:  0.00000   0.01185   0.01777   0.05487   0.24101   0.33324   1.58726   0.55023   0.21610   0.25803   0.17275   0.00582   0.08698   0.00585   0.00000   0.11603   0.37540   0.20453   0.08615   0.03806   0.08276   0.00615   0.00000   0.00000   0.00616   0.00000   0.00000   0.05485   0.38663   0.00685   0.00000   0.00000   0.00591   0.00000   0.00591   0.08773   0.00509   0.03612   0.01189   0.73830   0.16822   0.12504   0.13647   0.06047   0.02919   0.06950   0.00569   0.00000   0.00000   0.00000   0.06404   0.12543   0.00584   0.00590   0.00591   0.00000   0.00000   2.61179   1.82771  -0.92683   0.03667  
116  0.0008   3284.009907  x:  0.00000   0.01186   0.01778   0.05487   0.24105   0.33326   1.58744   0.55028   0.21610   0.25807   0.17276   0.00585   0.08701   0.00586   0.00000   0.11600   0.37537   0.20453   0.08618   0.03804   0.08274   0.00615   0.00000   0.00000   0.00616   0.00000   0.00000   0.05486   0.38657   0.00685   0.00000   0.00000   0.00591   0.00000   0.00591   0.08772   0.00510   0.03610   0.01188   0.73831   0.16819   0.12503   0.13645   0.06042   0.02920   0.06950   0.00568   0.00000   0.00000   0.00000   0.06404   0.12544   0.00584   0.00590   0.00591   0.00000   0.00000   2.61171   1.82768  -0.92703   0.03667  
117  0.0003   3284.009903  x:  0.00000   0.01185   0.01777   0.05487   0.24105   0.33328   1.58771   0.55039   0.21610   0.25808   0.17276   0.00585   0.08701   0.00586   0.00000   0.11603   0.37536   0.20452   0.08617   0.03803   0.08275   0.00616   0.00000   0.00000   0.00616   0.00000   0.00000   0.05486   0.38658   0.00685   0.00000   0.00000   0.00591   0.00000   0.00591   0.08772   0.00512   0.03611   0.01189   0.73842   0.16819   0.12506   0.13644   0.06045   0.02919   0.06950   0.00568   0.00000   0.00000   0.00000   0.06403   0.12543   0.00584   0.00590   0.00591   0.00000   0.00000   2.61182   1.82766  -0.92694   0.03667  
118  0.0003   3284.009902  x:  0.00000   0.01186   0.01777   0.05488   0.24103   0.33326   1.58775   0.55038   0.21610   0.25806   0.17276   0.00584   0.08700   0.00586   0.00000   0.11602   0.37535   0.20452   0.08618   0.03803   0.08275   0.00616   0.00000   0.00000   0.00616   0.00000   0.00000   0.05486   0.38661   0.00685   0.00000   0.00000   0.00591   0.00000   0.00591   0.08772   0.00512   0.03611   0.01189   0.73844   0.16821   0.12505   0.13644   0.06044   0.02919   0.06950   0.00568   0.00000   0.00000   0.00000   0.06403   0.12543   0.00584   0.00590   0.00591   0.00000   0.00000   2.61186   1.82768  -0.92687   0.03667  
119  0.0001   3284.009902  x:  0.00000   0.01186   0.01777   0.05487   0.24104   0.33327   1.58777   0.55038   0.21611   0.25806   0.17276   0.00585   0.08700   0.00586   0.00000   0.11602   0.37535   0.20451   0.08618   0.03803   0.08275   0.00616   0.00000   0.00000   0.00616   0.00000   0.00000   0.05486   0.38661   0.00685   0.00000   0.00000   0.00591   0.00000   0.00591   0.08772   0.00512   0.03611   0.01189   0.73846   0.16821   0.12505   0.13645   0.06044   0.02919   0.06950   0.00568   0.00000   0.00000   0.00000   0.06403   0.12543   0.00584   0.00590   0.00591   0.00000   0.00000   2.61186   1.82770  -0.92685   0.03667  
120  0.0000   3284.009902  x:  0.00000   0.01185   0.01777   0.05487   0.24104   0.33327   1.58778   0.55038   0.21611   0.25806   0.17276   0.00585   0.08700   0.00586   0.00000   0.11602   0.37535   0.20451   0.08618   0.03803   0.08275   0.00616   0.00000   0.00000   0.00616   0.00000   0.00000   0.05486   0.38660   0.00685   0.00000   0.00000   0.00591   0.00000   0.00591   0.08772   0.00512   0.03611   0.01189   0.73846   0.16821   0.12505   0.13645   0.06044   0.02919   0.06950   0.00568   0.00000   0.00000   0.00000   0.06403   0.12543   0.00584   0.00590   0.00591   0.00000   0.00000   2.61183   1.82770  -0.92685   0.03667  
121  0.0000   3284.009902  x:  0.00000   0.01186   0.01777   0.05487   0.24104   0.33327   1.58778   0.55038   0.21611   0.25806   0.17276   0.00585   0.08700   0.00586   0.00000   0.11602   0.37535   0.20452   0.08618   0.03803   0.08275   0.00616   0.00000   0.00000   0.00616   0.00000   0.00000   0.05486   0.38660   0.00685   0.00000   0.00000   0.00591   0.00000   0.00591   0.08772   0.00512   0.03611   0.01189   0.73846   0.16821   0.12505   0.13645   0.06044   0.02919   0.06950   0.00568   0.00000   0.00000   0.00000   0.06403   0.12543   0.00584   0.00590   0.00591   0.00000   0.00000   2.61184   1.82770  -0.92685   0.03667  
122  0.0000   3284.009902  x:  0.00000   0.01186   0.01777   0.05487   0.24104   0.33327   1.58778   0.55038   0.21611   0.25806   0.17276   0.00585   0.08700   0.00586   0.00000   0.11602   0.37535   0.20452   0.08618   0.03803   0.08275   0.00616   0.00000   0.00000   0.00616   0.00000   0.00000   0.05486   0.38660   0.00685   0.00000   0.00000   0.00591   0.00000   0.00591   0.08772   0.00512   0.03611   0.01189   0.73846   0.16821   0.12505   0.13645   0.06044   0.02919   0.06950   0.00568   0.00000   0.00000   0.00000   0.06403   0.12543   0.00584   0.00590   0.00591   0.00000   0.00000   2.61184   1.82770  -0.92685   0.03667  