

TREE # 1

  0  0.0000   8070.993654  x:  0.01829   0.71160   0.14595   0.09409   0.17077   0.17200   0.02217   0.01760   0.02127   0.05143   0.03913   0.00652   0.04811   0.02132   0.32847   0.15655   0.05274   0.06216   0.03374   0.02089   0.01098   0.06767   0.04298   0.00000   0.03299   0.02453   0.45875   0.02151   0.04015   1.48734   0.20454   0.00678   0.05186   2.00000   1.16129   0.00146   0.23508  
  1 99.0000   8070.983719  x:  0.01829   0.71160   0.14595   0.09409   0.17077   0.17200   0.02217   0.01760   0.02127   0.05143   0.03913   0.00652   0.04811   0.02132   0.32847   0.15655   0.05274   0.06216   0.03374   0.02089   0.01098   0.06767   0.04298   0.00000   0.03298   0.02453   0.45875   0.02151   0.04015   1.48734   0.20454   0.00678   0.05186   2.00000   1.16129   0.00146   0.23508  
  2 1842.8918   8020.836552  x:  0.01986   0.71488   0.14634   0.09576   0.17416   0.17295   0.01660   0.01097   0.01465   0.04487   0.03254   0.00000   0.04350   0.01467   0.33005   0.15783   0.05057   0.05782   0.03065   0.01399   0.00408   0.06468   0.03746   0.00000   0.02614   0.01768   0.46177   0.01491   0.04354   1.48966   0.20536   0.00041   0.04549   1.99867   1.16155   0.00109   0.23596  
  3 215661.2410   8017.787968  x:  0.01996   0.71509   0.14637   0.09587   0.17439   0.17302   0.01623   0.01054   0.01423   0.04445   0.03212   0.00000   0.04320   0.01424   0.33016   0.15792   0.05042   0.05754   0.03044   0.01355   0.00364   0.06448   0.03711   0.00000   0.02571   0.01725   0.46197   0.01449   0.04377   1.48982   0.20542   0.00000   0.04509   1.99858   1.16156   0.00107   0.23610  
  4 552536.2684   7997.857704  x:  0.02114   0.71737   0.14692   0.09703   0.17668   0.17397   0.01781   0.00710   0.01078   0.04102   0.02869   0.00000   0.04216   0.01092   0.33143   0.15896   0.05033   0.05636   0.03174   0.00990   0.00000   0.06379   0.03610   0.00000   0.02214   0.01370   0.46426   0.01134   0.04593   1.49141   0.20601   0.00000   0.04175   1.99773   1.16198   0.00069   0.23747  
  5 3848.4114   7958.313319  x:  0.02105   0.72272   0.14780   0.09871   0.18073   0.17594   0.01741   0.00000   0.00364   0.03388   0.02158   0.00000   0.04061   0.00423   0.33443   0.16089   0.04884   0.05397   0.02713   0.00216   0.00000   0.06228   0.03499   0.00000   0.01462   0.00624   0.46928   0.00504   0.04847   1.49533   0.20669   0.00000   0.03504   1.99567   1.16310  -0.00038   0.23854  
  6 7075.5757   7948.081956  x:  0.02140   0.72410   0.14802   0.09904   0.18154   0.17630   0.01648   0.00000   0.00164   0.03189   0.01958   0.00000   0.03999   0.00236   0.33513   0.16126   0.04837   0.05335   0.02665   0.00000   0.00000   0.06181   0.03465   0.00000   0.01250   0.00413   0.47050   0.00328   0.04912   1.49640   0.20685   0.00000   0.03322   1.99510   1.16343  -0.00069   0.23885  
  7 32487.2184   7940.637354  x:  0.02134   0.72498   0.14804   0.09935   0.18216   0.17646   0.01600   0.00000   0.00000   0.03025   0.01795   0.00000   0.03941   0.00083   0.33552   0.16149   0.04815   0.05276   0.02622   0.00000   0.00000   0.06143   0.03421   0.00000   0.01072   0.00237   0.47121   0.00181   0.04990   1.49717   0.20701   0.00000   0.03177   1.99467   1.16368  -0.00093   0.23911  
  8 29188.4459   7937.224949  x:  0.02158   0.72541   0.14811   0.09950   0.18249   0.17657   0.01584   0.00000   0.00000   0.02937   0.01708   0.00000   0.03922   0.00000   0.33572   0.16164   0.04796   0.05251   0.02595   0.00000   0.00000   0.06125   0.03404   0.00000   0.00977   0.00142   0.47158   0.00104   0.04999   1.49753   0.20699   0.00000   0.03102   1.99446   1.16381  -0.00105   0.23927  
  9 25310.0748   7933.056451  x:  0.02149   0.72605   0.14825   0.09965   0.18302   0.17686   0.01539   0.00000   0.00000   0.02817   0.01588   0.00000   0.03910   0.00000   0.33611   0.16189   0.04768   0.05234   0.02582   0.00000   0.00000   0.06109   0.03398   0.00000   0.00844   0.00010   0.47223   0.00000   0.05034   1.49803   0.20705   0.00000   0.02996   1.99417   1.16398  -0.00121   0.23935  
 10 11695.4807   7932.784519  x:  0.02150   0.72610   0.14826   0.09966   0.18303   0.17687   0.01537   0.00000   0.00000   0.02808   0.01579   0.00000   0.03907   0.00000   0.33614   0.16189   0.04768   0.05232   0.02580   0.00000   0.00000   0.06108   0.03397   0.00000   0.00834   0.00000   0.47227   0.00000   0.05037   1.49807   0.20706   0.00000   0.02988   1.99415   1.16399  -0.00122   0.23936  
 11 13279.0982   7914.169418  x:  0.02145   0.72925   0.14794   0.10098   0.18500   0.17718   0.01447   0.00000   0.00000   0.02082   0.00855   0.00000   0.03755   0.00000   0.33726   0.16259   0.04574   0.05028   0.02507   0.00000   0.00000   0.05904   0.03122   0.00000   0.00000   0.00000   0.47436   0.00000   0.05128   1.50084   0.20718   0.00000   0.02337   1.99251   1.16482  -0.00207   0.24022  
 12 8382.3167   7899.070402  x:  0.02194   0.73175   0.14793   0.10160   0.18783   0.17807   0.01238   0.00000   0.00000   0.01227   0.00000   0.00000   0.03748   0.00000   0.33795   0.16354   0.04731   0.04919   0.02404   0.00000   0.00000   0.05933   0.02887   0.00000   0.00000   0.00000   0.47613   0.00000   0.05212   1.50340   0.20704   0.00000   0.01562   1.99088   1.16572  -0.00295   0.24078  
 13 4830.7353   7884.570191  x:  0.02253   0.73461   0.14867   0.10072   0.18918   0.17897   0.01126   0.00000   0.00000   0.00000   0.00000   0.00000   0.03561   0.00000   0.33891   0.16384   0.04567   0.04878   0.02276   0.00000   0.00000   0.05853   0.02867   0.00000   0.00000   0.00000   0.47873   0.00000   0.05431   1.50649   0.20719   0.00000   0.00452   1.98882   1.16690  -0.00408   0.24098  
 14 4222.0525   7880.968844  x:  0.02237   0.73585   0.14887   0.10140   0.18912   0.17902   0.01097   0.00000   0.00000   0.00000   0.00000   0.00000   0.03482   0.00000   0.33966   0.16411   0.04590   0.04772   0.02279   0.00000   0.00000   0.05794   0.02827   0.00000   0.00000   0.00000   0.47997   0.00000   0.05416   1.50757   0.20707   0.00000   0.00000   1.98809   1.16724  -0.00443   0.24085  
 15 1717.3782   7873.941966  x:  0.02502   0.76151   0.13844   0.08398   0.19122   0.16988   0.01089   0.00000   0.00000   0.00000   0.00000   0.00000   0.04204   0.00000   0.34277   0.15404   0.04303   0.04646   0.02185   0.00000   0.00000   0.05794   0.00000   0.00000   0.00000   0.00000   0.49558   0.00000   0.05833   1.53331   0.20428   0.00000   0.00000   1.97022   1.17594  -0.01346   0.24467  
 16 399.0067   7873.941966  x:  0.02502   0.76151   0.13844   0.08398   0.19122   0.16988   0.01089   0.00000   0.00000   0.00000   0.00000   0.00000   0.04204   0.00000   0.34277   0.15404   0.04303   0.04646   0.02185   0.00000   0.00000   0.05794   0.00000   0.00000   0.00000   0.00000   0.49558   0.00000   0.05833   1.53331   0.20428   0.00000   0.00000   1.97022   1.17594  -0.01346   0.24467  
 17 1829.3285   7863.655363  x:  0.02502   0.76151   0.13844   0.08398   0.19122   0.16988   0.01089   0.00000   0.00000   0.00000   0.00000   0.00000   0.04204   0.00000   0.34277   0.15404   0.04303   0.04646   0.02185   0.00000   0.00000   0.05794   0.00203   0.00196   0.00000   0.00000   0.49558   0.00037   0.05833   1.53331   0.20428   0.00000   0.00000   1.97021   1.17594  -0.01346   0.24467  
 18 313030.4705   7862.894856  x:  0.02515   0.76170   0.13848   0.08414   0.19142   0.16994   0.01054   0.00000   0.00000   0.00000   0.00000   0.00000   0.04172   0.00000   0.34286   0.15414   0.04291   0.04619   0.02170   0.00000   0.00000   0.05775   0.00209   0.00197   0.00000   0.00000   0.49575   0.00000   0.05853   1.53346   0.20433   0.00000   0.00000   1.97013   1.17596  -0.01349   0.24454  
 19 871.7557   7860.363850  x:  0.02506   0.76355   0.13847   0.08498   0.19286   0.17018   0.01041   0.00000   0.00000   0.00000   0.00000   0.00000   0.03929   0.00000   0.34367   0.15479   0.04164   0.04446   0.02250   0.00000   0.00000   0.05644   0.00436   0.00000   0.00000   0.00000   0.49724   0.00000   0.05943   1.53491   0.20431   0.00000   0.00000   1.96925   1.17613  -0.01377   0.24316  
 20 1173.6263   7837.012878  x:  0.01787   0.79047   0.13643   0.09392   0.21135   0.17188   0.02329   0.00000   0.00000   0.00000   0.00000   0.00000   0.00704   0.00000   0.35523   0.16282   0.02319   0.02345   0.04413   0.00000   0.00000   0.04005   0.00858   0.00097   0.00000   0.00000   0.51874   0.00000   0.06766   1.55650   0.20161   0.00000   0.00000   1.95605   1.17876  -0.01804   0.22264  
 21 1725.4607   7825.765833  x:  0.01400   0.82437   0.13465   0.10260   0.23141   0.17288   0.02952   0.00000   0.00000   0.00000   0.00000   0.00000   0.02581   0.00000   0.36885   0.17108   0.02191   0.00815   0.05529   0.00000   0.00000   0.02934   0.01094   0.00138   0.00000   0.00000   0.54481   0.00000   0.07651   1.58440   0.19762   0.00000   0.00000   1.93888   1.18199  -0.02356   0.20225  
 22 658.3278   7807.390711  x:  0.01112   0.90913   0.13113   0.11954   0.27662   0.17374   0.03623   0.00000   0.00000   0.00000   0.00000   0.00000   0.03654   0.00000   0.40151   0.18849   0.04123   0.04021   0.07037   0.00000   0.00000   0.02305   0.01490   0.00187   0.00000   0.00000   0.60808   0.00000   0.09579   1.65561   0.18673   0.00000   0.00000   1.89491   1.18971  -0.03750   0.16752  
 23 1189.0511   7733.766710  x:  0.01729   1.29024   0.11547   0.12352   0.41554   0.15327   0.08579   0.00000   0.00000   0.00000   0.00000   0.00000   0.04481   0.00000   0.53241   0.22501   0.08412   0.03589   0.08215   0.00000   0.00000   0.10434   0.02272   0.00250   0.00000   0.00000   0.86708   0.00000   0.12202   1.99760   0.11620   0.00000   0.00000   1.68192   1.21779  -0.10121   0.31214  
 24 879.0539   7706.217322  x:  0.07407   1.43443   0.17903   0.07655   0.38805   0.14348   0.14160   0.00000   0.00000   0.00000   0.00000   0.00000   0.05594   0.00000   0.56661   0.20324   0.03134   0.05717   0.05025   0.00000   0.00000   0.09370   0.01708   0.00234   0.00000   0.00000   0.93094   0.00000   0.13714   2.16981   0.15838   0.00000   0.00000   1.57079   1.23696  -0.14156   0.32551  
 25 437.3907   7687.512646  x:  0.04761   1.50208   0.18634   0.07296   0.34218   0.14798   0.16504   0.00000   0.00000   0.00000   0.00000   0.00000   0.04454   0.00000   0.57246   0.19159   0.04649   0.04700   0.00849   0.00000   0.00000   0.08271   0.00941   0.00166   0.00000   0.00000   0.94032   0.00000   0.11941   2.27845   0.18355   0.00000   0.00000   1.49980   1.25058  -0.17065   0.31132  
 26 411.6122   7673.359245  x:  0.03364   1.55101   0.19394   0.07879   0.29797   0.15606   0.15555   0.00000   0.00000   0.00000   0.00000   0.00000   0.03910   0.00000   0.57142   0.18366   0.05879   0.04086   0.02128   0.00000   0.00000   0.07624   0.00063   0.00127   0.00000   0.00000   0.93716   0.00000   0.10518   2.37014   0.20945   0.00000   0.00000   1.43982   1.26237  -0.19664   0.30784  
 27 808.4806   7658.657055  x:  0.00462   1.63051   0.20063   0.10448   0.20622   0.17953   0.11853   0.00000   0.00000   0.00000   0.00000   0.00000   0.04143   0.00000   0.55289   0.17703   0.05486   0.04303   0.03434   0.00000   0.00000   0.07421   0.00829   0.00158   0.00000   0.00000   0.90322   0.00000   0.05882   2.55997   0.25632   0.00000   0.00000   1.31678   1.28822  -0.25536   0.30661  
 28 489.9107   7648.747819  x:  0.03247   1.65129   0.17498   0.11952   0.21253   0.20209   0.11595   0.00000   0.00000   0.00000   0.00000   0.00000   0.04130   0.00000   0.51672   0.19673   0.03761   0.04089   0.03164   0.00000   0.00000   0.10270   0.00746   0.00160   0.00000   0.00000   0.84013   0.00000   0.01007   2.69472   0.26485   0.00000   0.00000   1.23759   1.30956  -0.30661   0.28524  
 29 260.6495   7637.481823  x:  0.02978   1.65596   0.13087   0.11116   0.24395   0.21755   0.12129   0.00000   0.00000   0.00000   0.00000   0.00000   0.04316   0.00000   0.45917   0.21294   0.02588   0.03935   0.03141   0.00000   0.00000   0.13983   0.00753   0.00181   0.00000   0.00000   0.73354   0.00000   0.04427   2.88295   0.29665   0.00000   0.00000   1.13597   1.34081  -0.38520   0.27540  
 30 429.3491   7633.782246  x:  0.03914   1.63974   0.14594   0.09480   0.26553   0.20004   0.12249   0.00000   0.00000   0.00000   0.00000   0.00000   0.03699   0.00000   0.44686   0.20923   0.05513   0.02919   0.03758   0.00000   0.00000   0.13156   0.00964   0.00187   0.00000   0.00000   0.69361   0.00000   0.04361   2.96499   0.29059   0.00000   0.00000   1.10843   1.35595  -0.42762   0.27208  
 31 185.6856   7628.244758  x:  0.01750   1.59567   0.16195   0.08628   0.30169   0.16314   0.10704   0.00000   0.00000   0.00000   0.00000   0.00000   0.04059   0.00000   0.44673   0.19682   0.04445   0.03936   0.03608   0.00000   0.00000   0.09876   0.00860   0.00186   0.00000   0.00000   0.65083   0.00000   0.03261   3.08788   0.25583   0.00000   0.00000   1.08823   1.37946  -0.50028   0.28069  
 32 217.0063   7622.425589  x:  0.02885   1.49403   0.17742   0.13569   0.29083   0.14434   0.12046   0.00000   0.00000   0.00000   0.00000   0.00000   0.04082   0.00000   0.47736   0.18779   0.04205   0.03914   0.03258   0.00000   0.00000   0.10617   0.00801   0.00189   0.00000   0.00000   0.64432   0.00000   0.05918   3.26549   0.20761   0.00000   0.00000   1.10746   1.41330  -0.62404   0.28265  
 33 136.1060   7615.727010  x:  0.02939   1.36999   0.17148   0.10123   0.27743   0.17268   0.10473   0.00000   0.00000   0.00000   0.00000   0.00000   0.03806   0.00000   0.51659   0.18014   0.03752   0.03313   0.03491   0.00000   0.00000   0.13017   0.00849   0.00174   0.00000   0.00000   0.67661   0.00000   0.06963   3.46622   0.16551   0.00000   0.00000   1.14876   1.44762  -0.77344   0.26325  
 34 253.3575   7612.253314  x:  0.03052   1.29404   0.15510   0.09463   0.28573   0.16708   0.10886   0.00000   0.00000   0.00000   0.00000   0.00000   0.03929   0.00000   0.51060   0.21658   0.04299   0.03612   0.03551   0.00000   0.00000   0.11530   0.00877   0.00171   0.00000   0.00000   0.72404   0.00000   0.05222   3.57718   0.21224   0.00000   0.00000   1.18978   1.45563  -0.87621   0.27843  
 35 109.1147   7611.232798  x:  0.02792   1.28411   0.15311   0.10090   0.29762   0.15731   0.10526   0.00000   0.00000   0.00000   0.00000   0.00000   0.03843   0.00000   0.49189   0.19077   0.04194   0.03365   0.03611   0.00000   0.00000   0.12725   0.00904   0.00168   0.00000   0.00000   0.74244   0.00000   0.04357   3.60521   0.23202   0.00000   0.00000   1.21029   1.44331  -0.91828   0.27304  
 36 47.9088   7609.279823  x:  0.01829   1.31404   0.17781   0.10736   0.30366   0.19008   0.10957   0.00000   0.00000   0.00000   0.00000   0.00000   0.03911   0.00000   0.44504   0.19081   0.04303   0.03557   0.03476   0.00000   0.00000   0.12070   0.00858   0.00167   0.00000   0.00000   0.74029   0.00000   0.04483   3.63512   0.22341   0.00000   0.00000   1.26585   1.34962  -1.05845   0.27870  
 37 27.5342   7605.112997  x:  0.03145   1.38562   0.14765   0.09415   0.27496   0.16193   0.09926   0.00000   0.00000   0.00000   0.00000   0.00000   0.03679   0.00000   0.40617   0.20272   0.04125   0.03424   0.03535   0.00000   0.00000   0.11040   0.00862   0.00159   0.00000   0.00000   0.71947   0.00000   0.05266   3.67991   0.20229   0.00000   0.00000   1.35828   1.11612  -1.37160   0.26587  
 38 121.0303   7597.007659  x:  0.03622   1.46978   0.12073   0.09676   0.28713   0.17713   0.09605   0.00000   0.00000   0.00000   0.00000   0.00000   0.03570   0.00000   0.48761   0.18309   0.04507   0.03338   0.03650   0.00000   0.00000   0.10545   0.00908   0.00169   0.00000   0.00000   0.64309   0.00000   0.03493   3.73367   0.24915   0.00000   0.00000   1.45328   0.60281  -2.00577   0.26073  
 39 203.1989   7591.079689  x:  0.01097   1.47487   0.16012   0.09352   0.28891   0.15262   0.08197   0.00000   0.00000   0.00000   0.00000   0.00000   0.03274   0.00000   0.50059   0.21819   0.03488   0.02623   0.03466   0.00000   0.00000   0.15133   0.00826   0.00161   0.00000   0.00000   0.64363   0.00000   0.03028   3.75094   0.25976   0.00000   0.00000   1.43237   0.20754  -2.45276   0.23457  
 40 234.5471   7573.999436  x:  0.03949   1.39410   0.12236   0.10108   0.27751   0.18076   0.07543   0.00000   0.00000   0.00000   0.00000   0.00000   0.02839   0.00000   0.43034   0.17329   0.04345   0.02798   0.03422   0.00000   0.00000   0.09763   0.00816   0.00135   0.00000   0.00000   0.76103   0.00000   0.04778   3.77721   0.20579   0.00000   0.00000   1.18985  -1.10881  -3.89589   0.21910  
 41 360.1464   7544.888809  x:  0.03983   1.34965   0.12021   0.10866   0.29226   0.18190   0.03483   0.00000   0.00000   0.00000   0.00000   0.00000   0.02247   0.00000   0.45140   0.18826   0.04540   0.03507   0.03762   0.00000   0.00000   0.02373   0.00794   0.00115   0.00000   0.00000   0.76683   0.00000   0.04418   4.35953   0.21860   0.00000   0.00000   1.31056  -1.73347  -3.45845   0.18771  
 42  2.6115   7522.810292  x:  0.03104   1.42394   0.12693   0.11025   0.29567   0.17836   0.00155   0.00000   0.00000   0.00000   0.00000   0.00000   0.01562   0.00000   0.47311   0.19638   0.04294   0.03240   0.03716   0.00000   0.00000   0.01241   0.00726   0.00082   0.00000   0.00000   0.78454   0.00000   0.03835   4.39299   0.23332   0.00000   0.00000   1.25623  -1.54825  -3.56277   0.17980  
 43 10.6218   7491.291563  x:  0.02159   1.64033   0.15416   0.12796   0.32393   0.18204   0.00234   0.00000   0.00000   0.00000   0.00000   0.00000   0.00221   0.00000   0.54138   0.22947   0.03689   0.02145   0.02845   0.00000   0.00000   0.04425   0.00536   0.00028   0.00000   0.00000   0.84270   0.00000   0.04094   4.53309   0.27674   0.00000   0.00000   1.15747  -0.87969  -3.35099   0.16520  
 44  3.0862   7461.739108  x:  0.01059   1.98017   0.20525   0.15260   0.37854   0.18930   0.00764   0.00000   0.00000   0.00000   0.00000   0.00000   0.01840   0.00000   0.64543   0.27718   0.01612   0.02419   0.01612   0.00000   0.00000   0.07782   0.00277   0.00049   0.00000   0.00000   0.93785   0.00000   0.05061   4.71807   0.34106   0.00000   0.00000   1.01650   0.30275  -2.89737   0.17167  
 45  4.7957   7453.336546  x:  0.01600   2.03659   0.20663   0.15683   0.39742   0.19427   0.00078   0.00000   0.00000   0.00000   0.00000   0.00000   0.01975   0.00000   0.65652   0.28165   0.02349   0.02111   0.01816   0.00000   0.00000   0.08433   0.00356   0.00080   0.00000   0.00000   0.95588   0.00000   0.05734   4.96582   0.35022   0.00000   0.00000   1.02957   0.43053  -2.71850   0.15734  
 46  1.2528   7452.943516  x:  0.01661   2.04299   0.20679   0.15731   0.39956   0.19484   0.00000   0.00000   0.00000   0.00000   0.00000   0.00269   0.01991   0.00000   0.65777   0.28215   0.02433   0.02076   0.01839   0.00000   0.00000   0.08506   0.00365   0.00083   0.00000   0.00000   0.95793   0.00000   0.05810   4.99388   0.35125   0.00000   0.00000   1.03104   0.44501  -2.69826   0.15572  
 47 2642.7232   7451.593785  x:  0.01720   2.04934   0.20672   0.15767   0.40108   0.19538   0.00114   0.00000   0.00000   0.00000   0.00000   0.00000   0.01972   0.00000   0.65813   0.28216   0.02510   0.02068   0.01818   0.00000   0.00000   0.08295   0.00364   0.00083   0.00000   0.00000   0.95993   0.00000   0.05880   5.00734   0.35113   0.00000   0.00000   1.02951   0.44859  -2.70732   0.15557  
 48  1.2321   7451.593785  x:  0.01720   2.04934   0.20672   0.15767   0.40108   0.19538   0.00114   0.00000   0.00000   0.00000   0.00000   0.00000   0.01972   0.00000   0.65813   0.28216   0.02510   0.02068   0.01818   0.00000   0.00000   0.08295   0.00364   0.00083   0.00000   0.00000   0.95993   0.00000   0.05880   5.00734   0.35113   0.00000   0.00000   1.02951   0.44859  -2.70732   0.15557  
 49  1.7260   7451.012596  x:  0.01738   2.04939   0.20665   0.15775   0.40126   0.19542   0.00352   0.00000   0.00000   0.00000   0.00000   0.00007   0.01921   0.00000   0.65808   0.28213   0.02538   0.02080   0.01824   0.00000   0.00000   0.08228   0.00380   0.00198   0.00000   0.00000   0.96002   0.00000   0.05905   5.00740   0.35115   0.00000   0.00000   1.02948   0.44859  -2.70732   0.15520  
 50 608.5903   7450.981924  x:  0.01739   2.04939   0.20665   0.15776   0.40128   0.19542   0.00354   0.00000   0.00000   0.00000   0.00000   0.00000   0.01918   0.00000   0.65807   0.28212   0.02540   0.02081   0.01824   0.00000   0.00000   0.08223   0.00379   0.00200   0.00000   0.00000   0.96002   0.00000   0.05907   5.00740   0.35115   0.00000   0.00000   1.02948   0.44859  -2.70732   0.15518  
 51 385.1248   7449.776535  x:  0.01959   2.05009   0.20576   0.15886   0.40361   0.19591   0.00809   0.00000   0.00000   0.00000   0.00000   0.00000   0.01391   0.00000   0.65741   0.28166   0.02870   0.02193   0.01871   0.00000   0.00000   0.07367   0.00248   0.00081   0.00000   0.00000   0.96109   0.00000   0.06239   5.00817   0.35133   0.00000   0.00000   1.02916   0.44866  -2.70735   0.15128  
 52 1672.7736   7448.719715  x:  0.02248   2.05118   0.20433   0.16032   0.40701   0.19653   0.01074   0.00000   0.00000   0.00000   0.00000   0.00000   0.01231   0.00000   0.65649   0.28093   0.03183   0.02197   0.01849   0.00000   0.00000   0.06171   0.00804   0.00000   0.00000   0.00000   0.96269   0.00000   0.06711   5.00936   0.35146   0.00000   0.00000   1.02859   0.44877  -2.70742   0.14863  
 53 451.6173   7446.089059  x:  0.02888   2.05414   0.20040   0.16363   0.41564   0.19804   0.01081   0.00000   0.00000   0.00000   0.00000   0.00000   0.02026   0.00000   0.65425   0.27902   0.03695   0.02022   0.01744   0.00000   0.00000   0.03444   0.00606   0.00049   0.00000   0.00000   0.96687   0.00000   0.07857   5.01249   0.35137   0.00000   0.00000   1.02692   0.44910  -2.70762   0.14814  
 54 376.4954   7445.699636  x:  0.02944   2.05463   0.19967   0.16391   0.41692   0.19823   0.00966   0.00000   0.00000   0.00000   0.00000   0.00000   0.01958   0.00000   0.65391   0.27869   0.03745   0.02020   0.01772   0.00000   0.00000   0.03358   0.00634   0.00000   0.00000   0.00000   0.96752   0.00000   0.08002   5.01300   0.35112   0.00000   0.00000   1.02663   0.44915  -2.70766   0.14905  
 55 123.8859   7444.386260  x:  0.03643   2.06331   0.18611   0.16727   0.43801   0.19986   0.01015   0.00000   0.00000   0.00000   0.00000   0.00000   0.01804   0.00000   0.64786   0.27269   0.03843   0.01611   0.01192   0.00000   0.00000   0.03710   0.00586   0.00037   0.00000   0.00000   0.97927   0.00000   0.10260   5.02212   0.34472   0.00000   0.00000   1.02238   0.45009  -2.70824   0.15147  
 56 97.3379   7441.835462  x:  0.05206   2.08445   0.15344   0.17474   0.48813   0.20324   0.01222   0.00000   0.00000   0.00000   0.00000   0.00000   0.02135   0.00000   0.63326   0.25829   0.03722   0.01934   0.01995   0.00000   0.00000   0.04638   0.00593   0.00079   0.00000   0.00000   1.00777   0.00000   0.15527   5.04440   0.32774   0.00000   0.00000   1.01230   0.45239  -2.70967   0.15174  
 57 744.2900   7441.260403  x:  0.05379   2.09018   0.14700   0.17546   0.49815   0.20308   0.01070   0.00000   0.00000   0.00000   0.00000   0.00000   0.02289   0.00000   0.63005   0.25573   0.03222   0.02194   0.01735   0.00000   0.00000   0.04906   0.00639   0.00000   0.00000   0.00000   1.01487   0.00000   0.16378   5.05043   0.32007   0.00000   0.00000   1.01006   0.45300  -2.71003   0.14449  
 58 183.2225   7440.701359  x:  0.05318   2.10006   0.14301   0.17487   0.50678   0.20051   0.01068   0.00000   0.00000   0.00000   0.00000   0.00000   0.02083   0.00000   0.62708   0.25523   0.02613   0.01785   0.01945   0.00000   0.00000   0.04680   0.00615   0.00018   0.00000   0.00000   1.02515   0.00000   0.16657   5.06058   0.30207   0.00000   0.00000   1.00662   0.45416  -2.71076   0.14363  
 59 83.8436   7439.012086  x:  0.05082   2.13516   0.13436   0.17228   0.53201   0.19040   0.01147   0.00000   0.00000   0.00000   0.00000   0.00000   0.02014   0.00000   0.61810   0.25572   0.02957   0.02309   0.01688   0.00000   0.00000   0.04237   0.00623   0.00039   0.00000   0.00000   1.06027   0.00000   0.17186   5.09663   0.23721   0.00000   0.00000   0.99488   0.45836  -2.71347   0.14612  
 60 277.0602   7438.589182  x:  0.05208   2.14524   0.13572   0.17143   0.53696   0.18775   0.01100   0.00000   0.00000   0.00000   0.00000   0.00000   0.02166   0.00000   0.61632   0.25643   0.03453   0.01947   0.01842   0.00000   0.00000   0.04392   0.00650   0.00004   0.00000   0.00000   1.06961   0.00000   0.17448   5.10718   0.22078   0.00000   0.00000   0.99203   0.45960  -2.71433   0.14262  
 61 223.3872   7437.546994  x:  0.06842   2.18053   0.16329   0.16814   0.54006   0.18215   0.01100   0.00000   0.00000   0.00000   0.00000   0.00000   0.02174   0.00000   0.61636   0.26182   0.03143   0.02109   0.01823   0.00000   0.00000   0.04650   0.00650   0.00005   0.00000   0.00000   1.09669   0.00000   0.19649   5.14522   0.18486   0.00000   0.00000   0.98448   0.46442  -2.71807   0.14207  
 62 93.7849   7435.181164  x:  0.02326   2.28138   0.19453   0.14993   0.50955   0.18821   0.01084   0.00000   0.00000   0.00000   0.00000   0.00000   0.02119   0.00000   0.63779   0.27176   0.03263   0.02142   0.01860   0.00000   0.00000   0.04515   0.00663   0.00002   0.00000   0.00000   1.15426   0.00000   0.27270   5.25964   0.13787   0.00000   0.00000   0.97067   0.48003  -2.73088   0.13718  
 63 68.3512   7434.645832  x:  0.02441   2.29934   0.19146   0.15799   0.50254   0.19153   0.01078   0.00000   0.00000   0.00000   0.00000   0.00000   0.02125   0.00000   0.64228   0.27448   0.03228   0.02146   0.01864   0.00000   0.00000   0.04577   0.00664   0.00000   0.00000   0.00000   1.15822   0.00000   0.27581   5.28263   0.13460   0.00000   0.00000   0.97060   0.48341  -2.73395   0.13645  
 64 48.6543   7431.772944  x:  0.06424   2.50367   0.15135   0.12911   0.45998   0.18417   0.00988   0.00000   0.00000   0.00000   0.00000   0.00000   0.02063   0.00000   0.66245   0.24078   0.03308   0.02142   0.01855   0.00000   0.00000   0.04527   0.00644   0.00004   0.00000   0.00000   1.16355   0.00000   0.26293   5.56913   0.15110   0.00000   0.00000   0.97616   0.52388  -2.77291   0.12978  
 65 73.5219   7428.086122  x:  0.05790   2.65670   0.15744   0.13129   0.48734   0.17271   0.00955   0.00000   0.00000   0.00000   0.00000   0.00000   0.02064   0.00000   0.65525   0.25547   0.03348   0.02155   0.01859   0.00000   0.00000   0.04536   0.00643   0.00000   0.00000   0.00000   1.14923   0.00000   0.23986   5.80554   0.18874   0.00000   0.00000   0.98194   0.55248  -2.80422   0.12374  
 66 121.2118   7428.086122  x:  0.05790   2.65670   0.15744   0.13129   0.48734   0.17271   0.00955   0.00000   0.00000   0.00000   0.00000   0.00000   0.02064   0.00000   0.65525   0.25547   0.03348   0.02155   0.01859   0.00000   0.00000   0.04536   0.00643   0.00000   0.00000   0.00000   1.14923   0.00000   0.23986   5.80554   0.18874   0.00000   0.00000   0.98194   0.55248  -2.80422   0.12374  
 67 97.2725   7426.528415  x:  0.05817   2.65673   0.15756   0.13250   0.48786   0.17336   0.00310   0.00000   0.00000   0.00000   0.00000   0.00000   0.01768   0.00000   0.65529   0.25596   0.03483   0.02186   0.01878   0.00000   0.00000   0.04435   0.00495   0.00458   0.00000   0.00000   1.14918   0.00000   0.24015   5.80578   0.18894   0.00000   0.00000   0.98186   0.55246  -2.80424   0.12450  
 68 356.5912   7426.207178  x:  0.05829   2.65675   0.15762   0.13307   0.48811   0.17367   0.00167   0.00000   0.00000   0.00000   0.00000   0.00000   0.01656   0.00000   0.65530   0.25620   0.03541   0.02197   0.01885   0.00000   0.00000   0.04388   0.00368   0.00383   0.00000   0.00000   1.14915   0.00000   0.24029   5.80589   0.18903   0.00000   0.00000   0.98183   0.55244  -2.80425   0.12474  
 69 328.1352   7425.893043  x:  0.05861   2.65678   0.15775   0.13455   0.48875   0.17446   0.00230   0.00000   0.00000   0.00000   0.00000   0.00000   0.01385   0.00000   0.65533   0.25680   0.03687   0.02223   0.01900   0.00000   0.00000   0.04267   0.00211   0.00410   0.00000   0.00000   1.14908   0.00000   0.24064   5.80619   0.18927   0.00000   0.00000   0.98174   0.55241  -2.80428   0.12533  
 70 229.0967   7425.599395  x:  0.05911   2.65683   0.15796   0.13698   0.48983   0.17578   0.00232   0.00000   0.00000   0.00000   0.00000   0.00000   0.01080   0.00000   0.65537   0.25779   0.03908   0.02256   0.01918   0.00000   0.00000   0.04073   0.00343   0.00342   0.00000   0.00000   1.14895   0.00000   0.24121   5.80669   0.18967   0.00000   0.00000   0.98159   0.55234  -2.80432   0.12596  
 71 262.5646   7424.665389  x:  0.06201   2.65709   0.15906   0.15157   0.49652   0.18390   0.00240   0.00000   0.00000   0.00000   0.00000   0.00000   0.01412   0.00000   0.65559   0.26372   0.04998   0.02333   0.01953   0.00000   0.00000   0.03003   0.00360   0.00325   0.00000   0.00000   1.14812   0.00000   0.24470   5.80985   0.19197   0.00000   0.00000   0.98079   0.55192  -2.80454   0.12649  
 72 151.7805   7424.256698  x:  0.06334   2.65731   0.15919   0.16187   0.50251   0.19070   0.00237   0.00000   0.00000   0.00000   0.00000   0.00000   0.01355   0.00000   0.65560   0.26799   0.04997   0.02098   0.01851   0.00000   0.00000   0.03181   0.00350   0.00337   0.00000   0.00000   1.14735   0.00000   0.24744   5.81292   0.19351   0.00000   0.00000   0.98010   0.55149  -2.80470   0.12110  
 73 86.5789   7423.564558  x:  0.06517   2.65817   0.15857   0.18245   0.51616   0.20534   0.00242   0.00000   0.00000   0.00000   0.00000   0.00000   0.01408   0.00000   0.65569   0.27654   0.04376   0.02117   0.01957   0.00000   0.00000   0.03910   0.00360   0.00330   0.00000   0.00000   1.14571   0.00000   0.25343   5.82036   0.19672   0.00000   0.00000   0.97782   0.55055  -2.80515   0.12473  
 74 164.0021   7423.488900  x:  0.06443   2.65845   0.15773   0.18405   0.51861   0.20720   0.00241   0.00000   0.00000   0.00000   0.00000   0.00000   0.01395   0.00000   0.65556   0.27696   0.04174   0.02374   0.01973   0.00000   0.00000   0.03827   0.00358   0.00331   0.00000   0.00000   1.14541   0.00000   0.25430   5.82224   0.19689   0.00000   0.00000   0.97720   0.55033  -2.80523   0.12376  
 75 48.8467   7423.400172  x:  0.06163   2.65927   0.15523   0.18407   0.52348   0.20961   0.00240   0.00000   0.00000   0.00000   0.00000   0.00000   0.01375   0.00000   0.65512   0.27614   0.03976   0.02260   0.01831   0.00000   0.00000   0.03608   0.00354   0.00335   0.00000   0.00000   1.14483   0.00000   0.25577   5.82695   0.19667   0.00000   0.00000   0.97548   0.54983  -2.80543   0.12401  
 76 34.1219   7423.240637  x:  0.05558   2.66129   0.14990   0.18246   0.53433   0.21398   0.00240   0.00000   0.00000   0.00000   0.00000   0.00000   0.01377   0.00000   0.65392   0.27352   0.04077   0.02161   0.02126   0.00000   0.00000   0.03581   0.00355   0.00334   0.00000   0.00000   1.14347   0.00000   0.25897   5.83839   0.19578   0.00000   0.00000   0.97144   0.54863  -2.80589   0.12331  
 77 72.9984   7423.132213  x:  0.05273   2.66293   0.14736   0.18082   0.54209   0.21634   0.00241   0.00000   0.00000   0.00000   0.00000   0.00000   0.01395   0.00000   0.65292   0.27152   0.04325   0.02300   0.01915   0.00000   0.00000   0.03749   0.00358   0.00332   0.00000   0.00000   1.14247   0.00000   0.26137   5.84750   0.19500   0.00000   0.00000   0.96836   0.54770  -2.80626   0.12324  
 78 92.4825   7422.568133  x:  0.06612   2.67594   0.15803   0.16732   0.58621   0.21730   0.00242   0.00000   0.00000   0.00000   0.00000   0.00000   0.01393   0.00000   0.64496   0.26077   0.04371   0.02288   0.01955   0.00000   0.00000   0.03661   0.00358   0.00333   0.00000   0.00000   1.13604   0.00000   0.27734   5.91651   0.18799   0.00000   0.00000   0.94818   0.54124  -2.80932   0.12137  
 79 42.0019   7421.704186  x:  0.06422   2.70561   0.15822   0.17481   0.61605   0.18918   0.00241   0.00000   0.00000   0.00000   0.00000   0.00000   0.01393   0.00000   0.64027   0.27682   0.04342   0.02291   0.01951   0.00000   0.00000   0.03672   0.00357   0.00332   0.00000   0.00000   1.13044   0.00000   0.27819   6.06212   0.15055   0.00000   0.00000   0.92625   0.53110  -2.81647   0.11922  
 80 34.3268   7416.562671  x:  0.04647   2.93253   0.15333   0.17763   0.59008   0.14879   0.00245   0.00000   0.00000   0.00000   0.00000   0.00000   0.01411   0.00000   0.72160   0.31670   0.04211   0.02310   0.01984   0.00000   0.00000   0.03854   0.00362   0.00305   0.00000   0.00000   1.12604   0.00000   0.44016   7.15837   0.10975   0.00000   0.00000   0.89153   0.47319  -2.87517   0.10430  
 81 66.7263   7412.712468  x:  0.06538   3.10235   0.15411   0.16871   0.56151   0.21549   0.00248   0.00000   0.00000   0.00000   0.00000   0.00000   0.01419   0.00000   0.77279   0.30452   0.04331   0.02330   0.01988   0.00000   0.00000   0.03813   0.00366   0.00279   0.00000   0.00000   1.14119   0.00000   0.46660   7.95790   0.02119   0.00000   0.00000   0.90944   0.43732  -2.91466   0.09602  
 82 251.5691   7410.272713  x:  0.06941   3.21314   0.14533   0.20297   0.56805   0.20902   0.00248   0.00000   0.00000   0.00000   0.00000   0.00000   0.01414   0.00000   0.70103   0.25039   0.04167   0.02314   0.01977   0.00000   0.00000   0.03919   0.00367   0.00251   0.00000   0.00000   1.18491   0.00000   0.44024   8.47212   0.05135   0.00000   0.00000   0.99067   0.43061  -2.92820   0.09357  
 83 79.5266   7409.364327  x:  0.06649   3.25444   0.14973   0.17574   0.57862   0.22348   0.00249   0.00000   0.00000   0.00000   0.00000   0.00000   0.01417   0.00000   0.66631   0.29340   0.04293   0.02315   0.01975   0.00000   0.00000   0.03797   0.00369   0.00239   0.00000   0.00000   1.20357   0.00000   0.39785   8.67477   0.09906   0.00000   0.00000   1.01511   0.43326  -2.92304   0.09185  
 84 48.1741   7408.447636  x:  0.06380   3.29017   0.15887   0.18218   0.58751   0.22297   0.00250   0.00000   0.00000   0.00000   0.00000   0.00000   0.01424   0.00000   0.70112   0.28449   0.04288   0.02329   0.01982   0.00000   0.00000   0.03845   0.00371   0.00232   0.00000   0.00000   1.20320   0.00000   0.28475   8.88483   0.19903   0.00000   0.00000   0.96792   0.44194  -2.88524   0.08786  
 85 20.6691   7408.301858  x:  0.08161   3.28906   0.13711   0.17940   0.59445   0.21725   0.00250   0.00000   0.00000   0.00000   0.00000   0.00000   0.01420   0.00000   0.71296   0.28703   0.04298   0.02323   0.01974   0.00000   0.00000   0.03824   0.00369   0.00232   0.00000   0.00000   1.18217   0.00000   0.27541   8.92240   0.20819   0.00000   0.00000   0.98095   0.44940  -2.84589   0.08816  
 86  4.7720   7407.848799  x:  0.06578   3.27994   0.15777   0.17967   0.60047   0.21652   0.00250   0.00000   0.00000   0.00000   0.00000   0.00000   0.01420   0.00000   0.72195   0.28573   0.04311   0.02311   0.01966   0.00000   0.00000   0.03794   0.00367   0.00227   0.00000   0.00000   1.11813   0.00000   0.26585   9.04310   0.21338   0.00000   0.00000   1.01510   0.46899  -2.66968   0.09080  
 87  9.9308   7407.166666  x:  0.07781   3.26841   0.14297   0.18267   0.57902   0.22748   0.00252   0.00000   0.00000   0.00000   0.00000   0.00000   0.01426   0.00000   0.69577   0.28650   0.04312   0.02301   0.01958   0.00000   0.00000   0.03799   0.00368   0.00205   0.00000   0.00000   1.12507   0.00000   0.27345   9.22421   0.21109   0.00000   0.00000   0.99250   0.48906  -2.37817   0.09264  
 88 18.8151   7406.948272  x:  0.07561   3.26877   0.14739   0.18124   0.59723   0.22018   0.00255   0.00000   0.00000   0.00000   0.00000   0.00000   0.01433   0.00000   0.72265   0.28945   0.04338   0.02303   0.01960   0.00000   0.00000   0.03794   0.00372   0.00187   0.00000   0.00000   1.16873   0.00000   0.27705   9.28572   0.20777   0.00000   0.00000   1.00706   0.49905  -2.29030   0.09307  
 89 11.1098   7405.330196  x:  0.07768   3.61451   0.14727   0.18750   0.61915   0.22557   0.00270   0.00000   0.00000   0.00000   0.00000   0.00000   0.01449   0.00000   0.72990   0.29379   0.04440   0.02276   0.01960   0.00000   0.00000   0.03779   0.00384   0.00109   0.00000   0.00000   1.20996   0.00000   0.28465   9.79840   0.20715   0.00000   0.00000   0.97144   0.61549  -2.42368   0.09144  
 90  1.3626   7404.853927  x:  0.08227   3.73734   0.14193   0.18822   0.62800   0.22370   0.00273   0.00000   0.00000   0.00000   0.00000   0.00000   0.01448   0.00000   0.73737   0.29659   0.04469   0.02258   0.01947   0.00000   0.00000   0.03739   0.00380   0.00108   0.00000   0.00000   1.21497   0.00000   0.27260   9.96975   0.22151   0.00000   0.00000   0.98347   0.44884  -2.44554   0.09214  
 91  5.7851   7403.921132  x:  0.08517   4.12897   0.13927   0.19444   0.66840   0.21830   0.00301   0.00000   0.00000   0.00000   0.00000   0.00000   0.01458   0.00000   0.76036   0.31005   0.04573   0.02299   0.01975   0.00000   0.00000   0.03695   0.00389   0.00284   0.00000   0.00000   1.19870   0.00000   0.31355  10.89219   0.20700   0.00000   0.00000   0.97966   0.45236  -2.26713   0.08337  
 92  1.2134   7403.386908  x:  0.08481   3.91816   0.14125   0.19738   0.67640   0.21917   0.00311   0.00000   0.00000   0.00000   0.00000   0.00000   0.01444   0.00000   0.75896   0.31130   0.04630   0.02306   0.01980   0.00000   0.00000   0.03620   0.00390   0.00350   0.00000   0.00000   1.20474   0.00000   0.32471  11.60370   0.19690   0.00000   0.00000   0.97480   0.42371  -2.28941   0.08455  
 93  3.0208   7403.123304  x:  0.08532   4.05931   0.14177   0.19775   0.68976   0.21761   0.00297   0.00000   0.00000   0.00000   0.00000   0.00000   0.01438   0.00000   0.77310   0.31729   0.04654   0.02342   0.02003   0.00000   0.00000   0.03661   0.00390   0.00171   0.00000   0.00000   1.20134   0.00000   0.33288  12.14473   0.19618   0.00000   0.00000   0.97463   0.42335  -2.23378   0.08101  
 94  0.7357   7403.033936  x:  0.08524   4.16698   0.14293   0.19475   0.69073   0.21774   0.00291   0.00000   0.00000   0.00000   0.00000   0.00000   0.01458   0.00000   0.78463   0.31977   0.04621   0.02355   0.02011   0.00000   0.00000   0.03751   0.00393   0.00171   0.00000   0.00000   1.21129   0.00000   0.32286  12.48616   0.20518   0.00000   0.00000   0.97773   0.42690  -2.22855   0.08078  
 95  0.2485   7403.029120  x:  0.08595   4.18482   0.14228   0.19493   0.69113   0.21761   0.00290   0.00000   0.00000   0.00000   0.00000   0.00000   0.01456   0.00000   0.78560   0.31974   0.04624   0.02347   0.02004   0.00000   0.00000   0.03727   0.00392   0.00179   0.00000   0.00000   1.21171   0.00000   0.32117  12.59736   0.20788   0.00000   0.00000   0.97791   0.42154  -2.21241   0.08041  
 96  0.1024   7403.028775  x:  0.08597   4.18556   0.14226   0.19505   0.69063   0.21743   0.00289   0.00000   0.00000   0.00000   0.00000   0.00000   0.01455   0.00000   0.78526   0.31943   0.04625   0.02347   0.02004   0.00000   0.00000   0.03722   0.00392   0.00175   0.00000   0.00000   1.21114   0.00000   0.32076  12.61190   0.20863   0.00000   0.00000   0.97821   0.42147  -2.21560   0.08036  
 97  0.0136   7403.028743  x:  0.08595   4.18424   0.14226   0.19506   0.69030   0.21736   0.00289   0.00000   0.00000   0.00000   0.00000   0.00000   0.01455   0.00000   0.78504   0.31930   0.04624   0.02347   0.02005   0.00000   0.00000   0.03723   0.00392   0.00177   0.00000   0.00000   1.21101   0.00000   0.32041  12.60893   0.20898   0.00000   0.00000   0.97836   0.42157  -2.21599   0.08039  
 98  0.0033   7403.028739  x:  0.08594   4.18386   0.14226   0.19504   0.69019   0.21732   0.00289   0.00000   0.00000   0.00000   0.00000   0.00000   0.01455   0.00000   0.78500   0.31929   0.04624   0.02347   0.02005   0.00000   0.00000   0.03723   0.00392   0.00177   0.00000   0.00000   1.21101   0.00000   0.32023  12.60727   0.20915   0.00000   0.00000   0.97840   0.42157  -2.21572   0.08040  
 99  0.0015   7403.028738  x:  0.08593   4.18391   0.14227   0.19503   0.69020   0.21731   0.00289   0.00000   0.00000   0.00000   0.00000   0.00000   0.01455   0.00000   0.78501   0.31930   0.04624   0.02347   0.02005   0.00000   0.00000   0.03723   0.00392   0.00177   0.00000   0.00000   1.21104   0.00000   0.32019  12.60707   0.20918   0.00000   0.00000   0.97838   0.42158  -2.21585   0.08039  
100  0.0002   7403.028738  x:  0.08593   4.18391   0.14227   0.19503   0.69020   0.21731   0.00289   0.00000   0.00000   0.00000   0.00000   0.00000   0.01455   0.00000   0.78502   0.31930   0.04624   0.02347   0.02004   0.00000   0.00000   0.03723   0.00392   0.00177   0.00000   0.00000   1.21104   0.00000   0.32018  12.60709   0.20919   0.00000   0.00000   0.97838   0.42158  -2.21585   0.08039  
101  0.0000   7403.028738  x:  0.08593   4.18391   0.14227   0.19503   0.69020   0.21731   0.00289   0.00000   0.00000   0.00000   0.00000   0.00000   0.01455   0.00000   0.78502   0.31930   0.04624   0.02347   0.02005   0.00000   0.00000   0.03723   0.00392   0.00177   0.00000   0.00000   1.21104   0.00000   0.32018  12.60711   0.20920   0.00000   0.00000   0.97838   0.42158  -2.21585   0.08039  
102  0.0000   7403.028738  x:  0.08593   4.18391   0.14227   0.19503   0.69020   0.21731   0.00289   0.00000   0.00000   0.00000   0.00000   0.00000   0.01455   0.00000   0.78502   0.31930   0.04624   0.02347   0.02005   0.00000   0.00000   0.03723   0.00392   0.00177   0.00000   0.00000   1.21104   0.00000   0.32018  12.60711   0.20920   0.00000   0.00000   0.97838   0.42158  -2.21585   0.08039  
103  0.0000   7403.028738  x:  0.08593   4.18391   0.14227   0.19503   0.69020   0.21731   0.00289   0.00000   0.00000   0.00000   0.00000   0.00000   0.01455   0.00000   0.78502   0.31930   0.04624   0.02347   0.02004   0.00000   0.00000   0.03723   0.00392   0.00177   0.00000   0.00000   1.21104   0.00000   0.32018  12.60711   0.20920   0.00000   0.00000   0.97838   0.42158  -2.21585   0.08039  