

TREE # 1

  0  0.0000   4446.051721  x:  0.03515   0.57108   0.15871   0.16562   0.20219   0.26649   0.00349   0.00152   0.00084   0.00099   0.00144   0.00207   0.01684   0.00000   0.53127   0.21379   0.03685   0.02253   0.01943   0.00076   0.00157   0.04339   0.00233   0.00115   0.00074   0.00199   0.04052   0.00191   0.32604   0.00072   0.00174   0.00068   0.00042   2.00000   1.20314   0.19336   0.20564  
  1 99.0000   4446.047259  x:  0.03515   0.57108   0.15871   0.16562   0.20219   0.26649   0.00349   0.00152   0.00084   0.00099   0.00144   0.00207   0.01684   0.00000   0.53127   0.21379   0.03685   0.02253   0.01943   0.00076   0.00157   0.04339   0.00233   0.00115   0.00074   0.00199   0.04052   0.00191   0.32604   0.00072   0.00174   0.00068   0.00042   2.00000   1.20314   0.19336   0.20564  
  2 1320.2435   4443.864020  x:  0.03526   0.57117   0.15880   0.16570   0.20232   0.26652   0.00353   0.00110   0.00041   0.00056   0.00101   0.00187   0.01682   0.00000   0.53132   0.21385   0.03686   0.02247   0.01947   0.00032   0.00113   0.04336   0.00230   0.00071   0.00030   0.00155   0.04052   0.00151   0.32613   0.00031   0.00132   0.00027   0.00000   1.99999   1.20319   0.19330   0.20511  
  3 73498.8716   4442.543939  x:  0.03533   0.57123   0.15886   0.16575   0.20241   0.26654   0.00355   0.00082   0.00014   0.00029   0.00074   0.00174   0.01681   0.00000   0.53135   0.21389   0.03687   0.02243   0.01950   0.00004   0.00085   0.04334   0.00226   0.00043   0.00002   0.00126   0.04052   0.00125   0.32619   0.00004   0.00106   0.00000   0.00000   1.99999   1.20323   0.19327   0.20477  
  4 4297590.2975   4442.475408  x:  0.03535   0.57123   0.15887   0.16576   0.20242   0.26654   0.00356   0.00081   0.00013   0.00028   0.00073   0.00173   0.01681   0.00000   0.53136   0.21389   0.03688   0.02242   0.01952   0.00003   0.00083   0.04334   0.00226   0.00042   0.00000   0.00125   0.04052   0.00124   0.32620   0.00003   0.00104   0.00000   0.00000   1.99998   1.20323   0.19327   0.20474  
  5 3912.6930   4442.362771  x:  0.03538   0.57125   0.15889   0.16578   0.20245   0.26656   0.00357   0.00078   0.00010   0.00025   0.00070   0.00172   0.01681   0.00000   0.53137   0.21391   0.03689   0.02242   0.01949   0.00000   0.00081   0.04334   0.00226   0.00039   0.00000   0.00122   0.04052   0.00122   0.32622   0.00000   0.00102   0.00000   0.00000   1.99999   1.20322   0.19328   0.20471  
  6 3123.2623   4442.035321  x:  0.03541   0.57130   0.15895   0.16582   0.20254   0.26660   0.00359   0.00069   0.00000   0.00015   0.00060   0.00166   0.01680   0.00000   0.53141   0.21396   0.03685   0.02246   0.01951   0.00000   0.00072   0.04331   0.00226   0.00029   0.00000   0.00112   0.04051   0.00114   0.32629   0.00000   0.00093   0.00000   0.00000   2.00001   1.20320   0.19331   0.20464  
  7 3174.4386   4441.610355  x:  0.03538   0.57138   0.15899   0.16587   0.20264   0.26665   0.00361   0.00054   0.00000   0.00000   0.00046   0.00158   0.01681   0.00000   0.53147   0.21401   0.03682   0.02241   0.01952   0.00000   0.00058   0.04331   0.00226   0.00014   0.00000   0.00097   0.04051   0.00103   0.32636   0.00000   0.00080   0.00000   0.00000   2.00005   1.20316   0.19335   0.20457  
  8 6906.4501   4441.261140  x:  0.03536   0.57144   0.15901   0.16589   0.20269   0.26667   0.00364   0.00040   0.00000   0.00000   0.00032   0.00151   0.01679   0.00000   0.53151   0.21403   0.03685   0.02242   0.01952   0.00000   0.00046   0.04333   0.00226   0.00000   0.00000   0.00083   0.04052   0.00091   0.32641   0.00000   0.00068   0.00000   0.00000   2.00009   1.20314   0.19338   0.20449  
  9 11491.9852   4440.578644  x:  0.03537   0.57155   0.15905   0.16594   0.20275   0.26669   0.00369   0.00009   0.00000   0.00000   0.00000   0.00139   0.01685   0.00000   0.53159   0.21406   0.03686   0.02243   0.01954   0.00000   0.00018   0.04332   0.00226   0.00000   0.00000   0.00051   0.04053   0.00063   0.32649   0.00000   0.00042   0.00000   0.00000   2.00017   1.20309   0.19344   0.20428  
 10 15410.0990   4440.425843  x:  0.03538   0.57158   0.15906   0.16595   0.20276   0.26669   0.00370   0.00000   0.00000   0.00000   0.00000   0.00135   0.01684   0.00000   0.53161   0.21407   0.03685   0.02242   0.01954   0.00000   0.00011   0.04332   0.00226   0.00000   0.00000   0.00043   0.04052   0.00056   0.32651   0.00000   0.00035   0.00000   0.00000   2.00019   1.20308   0.19345   0.20422  
 11 23455.4168   4440.257089  x:  0.03539   0.57160   0.15907   0.16598   0.20279   0.26670   0.00371   0.00000   0.00000   0.00000   0.00000   0.00131   0.01685   0.00000   0.53164   0.21409   0.03683   0.02242   0.01955   0.00000   0.00000   0.04334   0.00226   0.00000   0.00000   0.00031   0.04053   0.00044   0.32653   0.00000   0.00025   0.00000   0.00000   2.00022   1.20308   0.19346   0.20420  
 12 3824.0922   4439.918544  x:  0.03537   0.57167   0.15911   0.16605   0.20288   0.26671   0.00375   0.00000   0.00000   0.00000   0.00000   0.00121   0.01685   0.00000   0.53169   0.21414   0.03682   0.02241   0.01955   0.00000   0.00000   0.04331   0.00228   0.00000   0.00000   0.00001   0.04053   0.00014   0.32658   0.00000   0.00000   0.00000   0.00000   2.00027   1.20308   0.19348   0.20410  
 13 10014.4480   4439.909384  x:  0.03536   0.57167   0.15911   0.16605   0.20289   0.26671   0.00375   0.00000   0.00000   0.00000   0.00000   0.00121   0.01685   0.00000   0.53170   0.21414   0.03682   0.02241   0.01955   0.00000   0.00000   0.04332   0.00228   0.00000   0.00000   0.00000   0.04053   0.00013   0.32659   0.00000   0.00000   0.00000   0.00000   2.00027   1.20308   0.19348   0.20410  
 14 5833.6151   4439.850131  x:  0.03537   0.57169   0.15912   0.16606   0.20290   0.26671   0.00376   0.00000   0.00000   0.00000   0.00000   0.00118   0.01685   0.00000   0.53172   0.21415   0.03681   0.02241   0.01956   0.00000   0.00000   0.04331   0.00229   0.00000   0.00000   0.00000   0.04053   0.00000   0.32661   0.00000   0.00000   0.00000   0.00000   2.00029   1.20307   0.19348   0.20408  
 15 3052.5360   4439.219794  x:  0.03569   0.57257   0.15937   0.16627   0.20300   0.26661   0.00419   0.00000   0.00000   0.00000   0.00000   0.00000   0.01684   0.00000   0.53243   0.21419   0.03680   0.02233   0.01962   0.00000   0.00000   0.04329   0.00246   0.00000   0.00000   0.00000   0.03985   0.00000   0.32744   0.00000   0.00000   0.00000   0.00000   2.00096   1.20325   0.19343   0.20360  
 16 995.1945   4430.181509  x:  0.06125   0.64116   0.16368   0.18661   0.20222   0.24341   0.04773   0.00000   0.00000   0.00000   0.00000   0.00000   0.01673   0.00000   0.58856   0.21311   0.02876   0.01616   0.02491   0.00000   0.00000   0.02620   0.01140   0.00000   0.00000   0.00000   0.05711   0.00000   0.37983   0.00000   0.00000   0.00000   0.00000   2.05877   1.24423   0.16319   0.17423  
 17 401.4219   4400.556019  x:  0.07159   0.73221   0.07899   0.28909   0.24711   0.15619   0.00981   0.00000   0.00000   0.00000   0.00000   0.00000   0.01666   0.00000   0.68195   0.25829   0.03229   0.01530   0.02563   0.00000   0.00000   0.01745   0.00522   0.00000   0.00000   0.00000   0.07139   0.00000   0.32172   0.00000   0.00000   0.00000   0.00000   2.19574   1.47496  -0.03617   0.11220  
 18 148.3457   4394.227095  x:  0.05555   0.74324   0.12090   0.28754   0.24430   0.15058   0.00144   0.00000   0.00000   0.00000   0.00000   0.00000   0.01676   0.00000   0.69928   0.25174   0.03261   0.01564   0.02535   0.00000   0.00000   0.01536   0.00415   0.00000   0.00000   0.00000   0.07750   0.00000   0.31621   0.00000   0.00000   0.00000   0.00000   2.22207   1.54081  -0.09328   0.10378  
 19 173.3792   4389.764234  x:  0.03750   0.75312   0.15926   0.28754   0.24380   0.14648   0.00981   0.00000   0.00000   0.00000   0.00000   0.00000   0.01682   0.00000   0.72054   0.24682   0.03591   0.01670   0.02443   0.00000   0.00000   0.01904   0.00343   0.00000   0.00000   0.00000   0.06096   0.00000   0.30208   0.00000   0.00000   0.00000   0.00000   2.25153   1.62407  -0.16513   0.08985  
 20 561.5244   4382.022929  x:  0.03177   0.76773   0.12733   0.22666   0.27871   0.21282   0.00808   0.00000   0.00000   0.00000   0.00000   0.00000   0.01698   0.00000   0.74604   0.20983   0.03564   0.01933   0.02179   0.00000   0.00000   0.02039   0.00272   0.00000   0.00000   0.00000   0.06288   0.00000   0.37100   0.00000   0.00000   0.00000   0.00000   2.24724   1.77393  -0.29624   0.08690  
 21 108.3569   4379.930571  x:  0.02171   0.79216   0.12820   0.20111   0.29339   0.16990   0.00829   0.00000   0.00000   0.00000   0.00000   0.00000   0.01663   0.00000   0.74292   0.23998   0.03557   0.02025   0.02068   0.00000   0.00000   0.02351   0.00180   0.00000   0.00000   0.00000   0.05954   0.00000   0.40699   0.00000   0.00000   0.00000   0.00000   2.19082   1.82128  -0.33629   0.09467  
 22 44.1655   4378.111620  x:  0.02841   0.81340   0.13725   0.19190   0.31107   0.19335   0.00918   0.00000   0.00000   0.00000   0.00000   0.00000   0.01515   0.00000   0.72222   0.25432   0.03194   0.01870   0.02093   0.00000   0.00000   0.02195   0.00215   0.00000   0.00000   0.00000   0.06027   0.00000   0.36405   0.00000   0.00000   0.00000   0.00000   2.06667   1.88828  -0.37795   0.10308  
 23 21.2717   4376.419951  x:  0.02612   0.77205   0.14105   0.24476   0.31743   0.18889   0.00914   0.00000   0.00000   0.00000   0.00000   0.00000   0.01358   0.00000   0.68144   0.22789   0.02897   0.01710   0.02103   0.00000   0.00000   0.02382   0.00111   0.00000   0.00000   0.00000   0.05428   0.00000   0.37818   0.00000   0.00000   0.00000   0.00000   1.93542   1.95473  -0.40446   0.10648  
 24 32.0805   4375.149252  x:  0.03750   0.70937   0.13947   0.22124   0.33128   0.17801   0.00922   0.00000   0.00000   0.00000   0.00000   0.00000   0.01268   0.00000   0.65378   0.25301   0.02660   0.01560   0.02139   0.00000   0.00000   0.02094   0.00119   0.00000   0.00000   0.00000   0.05425   0.00000   0.38500   0.00000   0.00000   0.00000   0.00000   1.85298   2.00304  -0.40249   0.10138  
 25 23.2393   4372.211584  x:  0.04836   0.73692   0.13297   0.19436   0.34049   0.15574   0.00891   0.00000   0.00000   0.00000   0.00000   0.00000   0.01263   0.00000   0.70282   0.22897   0.02520   0.01639   0.01960   0.00000   0.00000   0.02067   0.00040   0.00000   0.00000   0.00000   0.05073   0.00000   0.37231   0.00000   0.00000   0.00000   0.00000   1.62295   2.06415  -0.31438   0.09688  
 26 15.5385   4368.908055  x:  0.03907   0.78673   0.12901   0.21480   0.30270   0.17828   0.00859   0.00000   0.00000   0.00000   0.00000   0.00000   0.01362   0.00000   0.67229   0.26643   0.02837   0.01893   0.01763   0.00000   0.00000   0.01992   0.00086   0.00000   0.00000   0.00000   0.05448   0.00000   0.39205   0.00000   0.00000   0.00000   0.00000   1.38061   2.14922  -0.18148   0.09091  
 27 30.3896   4368.276117  x:  0.03972   0.78842   0.13267   0.20786   0.33825   0.16038   0.00873   0.00000   0.00000   0.00000   0.00000   0.00000   0.01350   0.00000   0.66584   0.24179   0.02963   0.01914   0.01727   0.00000   0.00000   0.01989   0.00139   0.00000   0.00000   0.00000   0.05623   0.00000   0.38580   0.00000   0.00000   0.00000   0.00000   1.35359   2.16219  -0.14618   0.09096  
 28 14.4608   4366.566112  x:  0.03891   0.75271   0.13832   0.21826   0.35613   0.15830   0.00801   0.00000   0.00000   0.00000   0.00000   0.00000   0.01104   0.00000   0.77584   0.25499   0.02725   0.01750   0.01544   0.00000   0.00000   0.02782   0.00171   0.00000   0.00000   0.00000   0.05949   0.00000   0.38885   0.00000   0.00000   0.00000   0.00000   1.33796   2.18634  -0.02452   0.08926  
 29  7.4345   4365.024388  x:  0.03541   0.81047   0.13825   0.21743   0.36970   0.16583   0.00716   0.00000   0.00000   0.00000   0.00000   0.00000   0.00934   0.00000   0.73338   0.26503   0.02147   0.01542   0.01289   0.00000   0.00000   0.03380   0.00154   0.00000   0.00000   0.00000   0.05942   0.00000   0.39156   0.00000   0.00000   0.00000   0.00000   1.38679   2.19275   0.09483   0.08276  
 30  8.9405   4363.423836  x:  0.02005   0.80833   0.15117   0.23057   0.40553   0.17269   0.00745   0.00000   0.00000   0.00000   0.00000   0.00000   0.01600   0.00000   0.76195   0.27965   0.02200   0.01680   0.01122   0.00000   0.00000   0.03056   0.00138   0.00000   0.00000   0.00000   0.05545   0.00000   0.40055   0.00000   0.00000   0.00000   0.00000   1.41324   2.18114   0.23070   0.08067  
 31  3.2594   4361.423732  x:  0.04284   0.81960   0.14797   0.22665   0.40923   0.18021   0.00536   0.00000   0.00000   0.00000   0.00000   0.00000   0.02248   0.00000   0.72556   0.28658   0.02314   0.02045   0.01520   0.00000   0.00000   0.04426   0.00128   0.00000   0.00000   0.00000   0.05646   0.00000   0.39920   0.00000   0.00000   0.00000   0.00000   1.42513   2.23808   0.33893   0.07928  
 32  1.4091   4357.878899  x:  0.02618   0.83425   0.16425   0.22532   0.43949   0.20613   0.00477   0.00000   0.00000   0.00000   0.00000   0.00000   0.01461   0.00000   0.72765   0.30295   0.04272   0.02192   0.02008   0.00000   0.00000   0.03700   0.00096   0.00000   0.00000   0.00000   0.04607   0.00000   0.41864   0.00000   0.00000   0.00000   0.00000   1.47587   2.25373   0.57419   0.07734  
 33  2.1199   4355.703336  x:  0.03458   0.86129   0.17408   0.20936   0.42596   0.22738   0.00449   0.00000   0.00000   0.00000   0.00000   0.00000   0.01763   0.00000   0.73798   0.29006   0.04498   0.01222   0.02074   0.00000   0.00000   0.03891   0.00138   0.00000   0.00000   0.00000   0.04195   0.00000   0.44634   0.00000   0.00000   0.00000   0.00000   1.48139   2.32802   0.69491   0.08280  
 34  0.3271   4354.667237  x:  0.04625   0.88047   0.18370   0.20951   0.42676   0.23797   0.00473   0.00000   0.00000   0.00000   0.00000   0.00000   0.01653   0.00000   0.75771   0.28653   0.04451   0.01947   0.01784   0.00000   0.00000   0.03814   0.00164   0.00000   0.00000   0.00000   0.04046   0.00000   0.47031   0.00000   0.00000   0.00000   0.00000   1.51666   2.35492   0.79440   0.08630  
 35  1.0671   4353.915297  x:  0.03886   0.90550   0.19585   0.21344   0.43296   0.24877   0.00384   0.00000   0.00000   0.00000   0.00000   0.00000   0.01608   0.00000   0.78496   0.28628   0.03788   0.01979   0.02459   0.00000   0.00000   0.03860   0.00198   0.00000   0.00000   0.00000   0.04016   0.00000   0.49357   0.00000   0.00000   0.00000   0.00000   1.47148   2.45799   0.89166   0.08480  
 36  0.2321   4353.567906  x:  0.04337   0.91701   0.20095   0.21766   0.43809   0.25411   0.00267   0.00000   0.00000   0.00000   0.00000   0.00000   0.01573   0.00000   0.78349   0.29230   0.04153   0.01913   0.02262   0.00000   0.00000   0.03817   0.00205   0.00000   0.00000   0.00000   0.04082   0.00000   0.50500   0.00000   0.00000   0.00000   0.00000   1.45191   2.49611   0.87554   0.08284  
 37  0.0818   4353.481024  x:  0.04639   0.92901   0.20502   0.21904   0.44359   0.25437   0.00339   0.00000   0.00000   0.00000   0.00000   0.00000   0.01562   0.00000   0.78920   0.29670   0.04204   0.01855   0.02200   0.00000   0.00000   0.03687   0.00223   0.00000   0.00000   0.00000   0.04065   0.00000   0.50914   0.00000   0.00000   0.00000   0.00000   1.45691   2.47696   0.88907   0.08123  
 38  0.0285   4353.451659  x:  0.04702   0.93678   0.20660   0.22049   0.45033   0.25595   0.00305   0.00000   0.00000   0.00000   0.00000   0.00000   0.01588   0.00000   0.78637   0.30024   0.04154   0.01836   0.02212   0.00000   0.00000   0.03721   0.00243   0.00000   0.00000   0.00000   0.04053   0.00000   0.50937   0.00000   0.00000   0.00000   0.00000   1.46061   2.45423   0.88456   0.08169  
 39  0.0182   4353.435196  x:  0.04664   0.93403   0.20591   0.21876   0.45189   0.25549   0.00317   0.00000   0.00000   0.00000   0.00000   0.00000   0.01582   0.00000   0.78399   0.30028   0.04132   0.01842   0.02215   0.00000   0.00000   0.03680   0.00271   0.00000   0.00000   0.00000   0.04060   0.00000   0.50590   0.00000   0.00000   0.00000   0.00000   1.45958   2.44397   0.85256   0.08195  
 40  0.0154   4353.426694  x:  0.04683   0.93218   0.20465   0.21800   0.45039   0.25533   0.00306   0.00000   0.00000   0.00000   0.00000   0.00000   0.01582   0.00000   0.78472   0.29952   0.04143   0.01845   0.02210   0.00000   0.00000   0.03675   0.00291   0.00000   0.00000   0.00000   0.04086   0.00000   0.50537   0.00000   0.00000   0.00000   0.00000   1.45688   2.45124   0.86695   0.08152  
 41  0.0123   4353.423697  x:  0.04658   0.93146   0.20454   0.21935   0.44863   0.25574   0.00313   0.00000   0.00000   0.00000   0.00000   0.00000   0.01581   0.00000   0.78314   0.29950   0.04165   0.01846   0.02202   0.00000   0.00000   0.03686   0.00301   0.00000   0.00000   0.00000   0.04047   0.00000   0.50632   0.00000   0.00000   0.00000   0.00000   1.45709   2.46324   0.88049   0.08178  
 42  0.0139   4353.423390  x:  0.04645   0.93177   0.20469   0.21963   0.44826   0.25577   0.00313   0.00000   0.00000   0.00000   0.00000   0.00000   0.01582   0.00000   0.78350   0.29965   0.04165   0.01846   0.02205   0.00000   0.00000   0.03690   0.00303   0.00000   0.00000   0.00000   0.04068   0.00000   0.50691   0.00000   0.00000   0.00000   0.00000   1.45816   2.46296   0.88041   0.08179  
 43  0.0018   4353.423319  x:  0.04638   0.93192   0.20477   0.21958   0.44809   0.25580   0.00312   0.00000   0.00000   0.00000   0.00000   0.00000   0.01584   0.00000   0.78377   0.29980   0.04164   0.01847   0.02207   0.00000   0.00000   0.03694   0.00304   0.00000   0.00000   0.00000   0.04062   0.00000   0.50708   0.00000   0.00000   0.00000   0.00000   1.45820   2.46107   0.87810   0.08175  
 44  0.0031   4353.423311  x:  0.04634   0.93198   0.20483   0.21954   0.44807   0.25579   0.00312   0.00000   0.00000   0.00000   0.00000   0.00000   0.01583   0.00000   0.78377   0.29986   0.04164   0.01847   0.02206   0.00000   0.00000   0.03695   0.00304   0.00000   0.00000   0.00000   0.04063   0.00000   0.50709   0.00000   0.00000   0.00000   0.00000   1.45792   2.45974   0.87692   0.08176  
 45  0.0013   4353.423310  x:  0.04632   0.93197   0.20485   0.21954   0.44808   0.25578   0.00312   0.00000   0.00000   0.00000   0.00000   0.00000   0.01583   0.00000   0.78379   0.29985   0.04165   0.01847   0.02206   0.00000   0.00000   0.03695   0.00304   0.00000   0.00000   0.00000   0.04062   0.00000   0.50706   0.00000   0.00000   0.00000   0.00000   1.45805   2.45962   0.87684   0.08176  
 46  0.0001   4353.423310  x:  0.04631   0.93196   0.20486   0.21954   0.44809   0.25578   0.00312   0.00000   0.00000   0.00000   0.00000   0.00000   0.01583   0.00000   0.78379   0.29984   0.04165   0.01847   0.02206   0.00000   0.00000   0.03695   0.00304   0.00000   0.00000   0.00000   0.04062   0.00000   0.50706   0.00000   0.00000   0.00000   0.00000   1.45802   2.45981   0.87700   0.08176  
 47  0.0002   4353.423310  x:  0.04631   0.93196   0.20486   0.21954   0.44808   0.25578   0.00312   0.00000   0.00000   0.00000   0.00000   0.00000   0.01583   0.00000   0.78379   0.29984   0.04165   0.01847   0.02206   0.00000   0.00000   0.03695   0.00304   0.00000   0.00000   0.00000   0.04062   0.00000   0.50706   0.00000   0.00000   0.00000   0.00000   1.45802   2.45983   0.87702   0.08176  
 48  0.0000   4353.423310  x:  0.04631   0.93196   0.20486   0.21954   0.44808   0.25578   0.00312   0.00000   0.00000   0.00000   0.00000   0.00000   0.01583   0.00000   0.78379   0.29984   0.04165   0.01847   0.02206   0.00000   0.00000   0.03695   0.00304   0.00000   0.00000   0.00000   0.04062   0.00000   0.50706   0.00000   0.00000   0.00000   0.00000   1.45803   2.45982   0.87702   0.08176  
 49  0.0000   4353.423310  x:  0.04631   0.93196   0.20486   0.21954   0.44808   0.25578   0.00312   0.00000   0.00000   0.00000   0.00000   0.00000   0.01583   0.00000   0.78379   0.29984   0.04165   0.01847   0.02206   0.00000   0.00000   0.03695   0.00304   0.00000   0.00000   0.00000   0.04062   0.00000   0.50706   0.00000   0.00000   0.00000   0.00000   1.45803   2.45982   0.87702   0.08176  
 50  0.0000   4353.423310  x:  0.04631   0.93196   0.20486   0.21954   0.44808   0.25578   0.00312   0.00000   0.00000   0.00000   0.00000   0.00000   0.01583   0.00000   0.78379   0.29984   0.04165   0.01847   0.02206   0.00000   0.00000   0.03695   0.00304   0.00000   0.00000   0.00000   0.04062   0.00000   0.50706   0.00000   0.00000   0.00000   0.00000   1.45803   2.45982   0.87702   0.08176  
 51  0.0033   4353.423310  x:  0.04631   0.93196   0.20486   0.21954   0.44808   0.25578   0.00312   0.00000   0.00000   0.00000   0.00000   0.00000   0.01583   0.00000   0.78379   0.29984   0.04165   0.01847   0.02206   0.00000   0.00000   0.03695   0.00304   0.00000   0.00000   0.00000   0.04062   0.00000   0.50706   0.00000   0.00000   0.00000   0.00000   1.45803   2.45982   0.87702   0.08176  
 52  0.0243   4353.423310  x:  0.04631   0.93196   0.20486   0.21954   0.44808   0.25578   0.00312   0.00000   0.00000   0.00000   0.00000   0.00000   0.01583   0.00000   0.78379   0.29984   0.04165   0.01847   0.02206   0.00000   0.00000   0.03695   0.00304   0.00000   0.00000   0.00000   0.04062   0.00000   0.50706   0.00000   0.00000   0.00000   0.00000   1.45803   2.45982   0.87702   0.08176  
check convergence!
